1000
402 401
15 14
105 106
78 77
302 301
416 415
10 11
106 107
432 431
209 208
403 404
323 322
122 121
151 150
294 295
85 86
447 448
235 236
301 302
325 324
436 435
448 449
143 142
311 310
365 366
250 251
380 379
469 470
429 430
197 196
324 323
114 113
270 269
1 0
420 419
433 434
468 467
307 306
306 305
370 369
247 248
77 78
305 304
17 18
214 213
293 292
92 91
298 297
239 238
220 221
256 255
386 387
27 26
478 477
161 162
30 31
274 273
465 464
297 298
216 217
43 42
1 2
437 436
47 48
6 7
67 66
169 170
240 239
138 137
423 424
256 257
45 44
183 182
113 112
14 13
370 371
336 335
282 283
89 90
124 123
470 471
331 330
194 195
137 136
453 452
229 230
170 169
288 289
297 296
365 364
138 139
94 95
82 81
56 57
496 495
230 229
454 453
227 228
162 163
69 68
96 95
371 370
293 294
226 225
79 80
338 337
318 319
156 157
19 20
253 254
328 327
40 39
103 102
399 400
427 426
497 496
141 140
322 321
429 428
298 299
281 280
153 154
110 109
163 164
265 264
19 18
130 131
217 216
174 173
15 16
107 108
191 192
463 464
494 493
24 25
273 272
344 343
90 89
124 125
132 133
391 392
439 440
394 393
386 385
158 159
131 130
383 382
27 28
362 361
125 124
181 182
330 329
457 458
104 105
55 56
167 168
178 177
186 187
98 97
18 17
391 390
411 410
100 101
214 215
103 104
288 287
333 332
400 401
409 410
193 194
425 426
280 279
262 263
112 113
54 55
379 380
419 420
213 214
2 3
441 440
148 149
57 56
495 496
90 91
486 487
328 329
492 493
86 87
393 392
424 425
346 347
75 74
80 79
278 277
443 444
17 16
363 364
459 460
118 119
262 261
448 447
242 243
168 169
378 379
362 363
64 63
93 92
164 165
106 105
217 218
53 52
108 109
174 175
160 161
184 183
319 320
397 396
473 474
42 41
368 369
490 491
356 357
126 125
133 132
20 19
395 396
71 72
171 172
28 27
155 154
461 460
4 5
7 6
258 257
413 412
345 346
395 394
252 251
34 33
134 133
161 160
468 469
378 377
87 86
322 323
71 70
38 37
66 65
292 293
442 441
387 388
398 397
438 437
144 143
295 296
287 288
339 340
354 353
318 317
258 259
351 352
149 150
358 359
246 247
343 342
417 416
414 415
369 370
471 470
74 75
295 294
477 478
75 76
113 114
303 302
477 476
179 180
28 29
500 499
309 310
376 375
136 135
341 340
160 159
382 381
118 117
452 453
347 346
334 335
480 479
467 468
453 454
199 198
77 76
68 69
287 286
32 33
424 423
41 42
285 286
30 29
340 341
131 132
115 114
363 362
373 372
16 17
22 23
389 388
475 474
195 196
324 325
24 23
440 441
425 424
111 112
225 226
476 475
355 354
145 144
249 250
84 83
356 355
35 36
204 203
129 130
146 145
449 448
64 65
294 293
89 88
216 215
221 220
434 433
33 32
412 411
36 37
87 88
154 155
279 278
192 191
452 451
259 260
123 122
177 176
156 155
245 244
41 40
417 418
406 407
238 237
475 476
387 386
447 446
95 94
394 395
133 134
182 181
416 417
107 106
364 363
371 372
336 337
306 307
65 66
117 118
456 455
91 90
392 391
104 103
374 375
308 309
228 229
81 82
466 467
189 188
493 492
196 195
237 236
147 146
79 78
332 331
352 353
257 258
361 360
208 207
14 15
277 276
268 269
451 450
432 433
404 405
321 320
414 413
359 360
224 223
65 64
40 41
337 336
314 313
303 304
271 272
13 12
273 274
488 487
8 9
190 189
244 243
276 277
444 445
73 72
228 227
102 103
300 299
408 407
366 367
175 176
198 197
282 281
422 421
272 271
330 331
485 484
171 170
187 188
326 325
239 240
474 475
482 483
58 57
101 100
261 260
202 201
367 366
337 338
193 192
53 54
358 357
327 326
203 202
233 232
458 457
48 47
334 333
159 158
109 110
396 395
286 287
406 405
7 8
35 34
134 135
84 85
166 165
51 50
132 131
176 175
498 499
267 268
183 184
397 398
241 242
310 311
246 245
158 157
315 314
125 126
407 406
312 311
460 461
375 376
361 362
392 393
441 442
147 148
202 203
73 74
277 278
254 253
491 490
18 19
194 193
82 83
484 483
111 110
83 84
206 207
220 219
255 254
352 351
173 172
181 180
496 497
31 30
8 7
264 265
46 45
21 20
310 309
189 190
37 38
271 270
92 93
290 291
178 179
345 344
434 435
26 27
415 416
9 10
50 51
66 67
47 46
296 297
72 73
443 442
354 355
9 8
290 289
384 383
404 403
165 166
62 61
385 384
117 116
188 187
430 429
222 221
13 14
415 414
218 217
204 205
499 500
150 149
444 443
285 284
349 348
471 472
176 177
445 444
109 108
436 437
195 194
335 334
457 456
152 153
135 134
76 77
180 179
325 326
149 148
351 350
311 312
143 144
270 271
182 183
23 22
233 234
123 124
332 333
60 61
467 466
321 322
346 345
261 262
162 161
159 160
410 409
446 447
146 147
360 361
488 489
340 339
483 482
372 371
96 97
22 21
80 81
377 376
426 425
119 118
272 273
317 318
164 163
119 120
173 174
266 267
231 232
190 191
70 71
350 351
430 431
142 141
379 378
154 153
431 432
348 349
466 465
281 282
234 235
479 480
390 391
128 129
200 201
200 199
100 99
140 141
57 58
464 465
93 94
263 264
70 69
169 168
438 439
326 327
29 28
479 478
296 295
461 462
473 472
39 40
319 318
353 352
419 418
428 429
247 246
398 399
234 233
459 458
83 82
58 59
367 368
476 477
91 92
172 173
240 241
347 348
3 4
489 490
223 222
278 279
450 451
484 485
6 5
23 24
78 79
421 420
60 59
451 452
52 51
230 231
418 419
45 46
320 321
450 449
48 49
267 266
437 438
4 3
254 255
335 336
63 64
63 62
110 111
205 204
331 332
421 422
172 171
236 235
257 256
85 84
368 367
420 421
226 227
304 303
405 404
407 408
396 397
316 317
249 248
32 31
499 498
400 399
5 4
56 55
382 383
21 22
192 193
88 87
187 186
98 99
327 328
54 53
148 147
145 146
120 119
244 245
238 239
413 414
260 259
275 274
266 265
307 308
381 380
279 280
486 485
283 284
0 1
5 6
485 486
366 365
157 158
494 495
69 70
241 240
427 428
185 186
175 174
348 347
168 167
462 463
12 11
491 492
211 210
140 139
255 256
67 68
221 222
490 489
377 378
215 214
304 305
353 354
329 330
219 220
245 246
462 461
225 224
393 394
454 455
34 35
410 411
455 454
372 373
219 218
445 446
374 373
50 49
265 266
280 281
291 290
483 484
482 481
342 341
435 434
275 276
248 249
102 101
55 54
264 263
487 486
269 268
472 471
314 315
389 390
251 252
495 494
428 427
435 436
251 250
121 122
185 184
43 44
170 171
94 93
388 389
207 206
299 300
196 197
263 262
355 356
36 35
126 127
380 381
136 137
333 334
478 479
401 400
315 316
472 473
130 129
235 234
199 200
299 298
232 233
411 412
16 15
227 226
37 36
26 25
212 211
72 71
375 374
68 67
188 189
206 205
305 306
433 432
350 349
211 212
388 387
51 52
129 128
81 80
127 128
135 136
46 47
399 398
456 457
289 290
97 96
384 385
99 100
11 12
243 244
357 358
481 482
301 300
284 283
2 1
260 261
25 26
286 285
10 9
210 209
121 120
243 242
317 316
141 142
497 498
114 115
38 39
105 104
152 151
3 2
128 127
381 382
284 285
25 24
369 368
127 126
11 10
59 60
487 488
155 156
231 230
166 167
343 344
205 206
423 422
122 123
153 152
101 102
274 275
469 468
232 231
76 75
49 50
308 307
464 463
455 456
341 342
320 319
207 208
465 466
116 117
201 202
360 359
165 164
312 313
291 292
408 409
186 185
403 402
213 212
383 384
116 115
313 312
29 30
197 198
177 178
470 469
302 303
191 190
446 445
59 58
139 138
74 73
180 181
313 314
292 291
309 308
97 98
268 267
218 219
323 324
440 439
431 430
163 162
418 417
405 406
86 85
342 343
300 301
344 345
269 270
42 43
493 494
224 225
339 338
157 156
460 459
198 199
376 377
248 247
442 443
439 438
212 213
223 224
329 328
167 166
449 450
390 389
44 43
253 252
88 89
31 32
385 386
316 315
357 356
151 152
208 209
137 138
364 365
184 185
359 358
52 53
61 62
61 60
481 480
99 98
426 427
222 223
242 241
215 216
252 253
112 111
373 374
401 402
338 339
210 211
203 204
349 350
412 413
409 408
463 462
289 288
20 21
120 121
95 96
108 107
209 210
422 423
39 38
458 459
250 249
489 488
236 237
139 140
62 63
179 178
33 34
259 258
150 151
492 491
276 275
229 228
237 238
49 48
498 497
474 473
142 143
44 45
201 200
144 145
402 403
283 282
115 116
480 481
12 13
