1000
458 457
60 61
139 138
45 46
235 234
49 48
26 25
88 87
182 181
425 426
293 294
469 470
118 119
485 484
362 363
473 472
275 274
14 13
3 2
175 176
120 121
364 365
143 144
178 179
217 218
371 372
260 259
278 279
38 39
492 491
475 474
244 243
450 449
370 369
338 337
144 143
221 220
499 498
124 123
77 76
302 301
291 290
463 464
165 164
331 332
307 308
421 422
176 177
73 72
54 53
162 163
470 471
189 188
186 185
315 316
6 5
98 99
381 380
150 149
228 229
251 252
366 367
97 98
180 179
112 113
266 265
335 334
477 478
61 60
23 24
193 194
73 74
390 391
486 487
438 439
34 35
229 230
192 193
443 442
320 321
401 400
270 269
453 452
58 57
68 69
435 436
350 349
492 493
481 482
77 78
403 404
174 175
499 500
318 317
272 273
442 443
378 377
343 342
79 78
372 371
160 161
172 171
42 43
454 453
284 283
204 205
487 488
247 248
80 79
474 473
7 6
407 406
392 391
169 170
111 110
483 482
252 251
40 41
51 50
193 192
205 206
218 217
382 381
429 430
397 396
425 424
204 203
383 382
183 182
327 328
280 281
254 255
417 416
170 169
128 129
406 405
269 268
423 424
273 274
381 382
279 280
122 121
267 266
283 284
155 156
57 56
173 172
468 469
64 65
422 423
114 113
497 496
109 110
199 198
298 299
404 405
341 342
388 387
333 334
179 180
209 210
156 155
474 475
97 96
138 139
465 466
108 109
451 450
219 218
70 69
340 339
258 259
440 441
30 29
53 54
68 67
264 265
212 213
495 494
154 153
230 229
51 52
462 463
208 209
175 174
329 328
134 135
10 11
14 15
25 24
279 278
391 390
321 322
408 409
56 57
224 223
180 181
200 201
161 162
370 371
466 465
110 109
24 23
490 489
383 384
478 479
428 427
472 473
380 381
25 26
118 117
419 418
250 251
276 275
361 360
336 335
173 174
32 33
91 92
53 52
133 134
240 239
348 349
105 104
248 249
415 416
81 80
270 271
300 301
136 137
471 472
302 303
12 13
191 192
256 255
188 189
382 383
423 422
196 197
390 389
464 463
326 325
237 236
72 71
348 347
268 267
378 379
387 388
48 49
113 114
112 111
158 159
439 438
411 410
129 128
244 245
328 329
29 28
1 0
176 175
242 243
498 497
227 226
107 106
72 73
157 156
134 133
307 306
358 357
226 225
350 351
55 56
445 446
55 54
165 166
142 141
100 99
205 204
448 449
207 206
409 408
92 91
304 303
412 413
277 278
471 470
358 359
349 350
269 270
318 319
446 447
138 137
360 361
280 279
142 143
464 465
8 7
433 434
168 167
427 428
203 202
240 241
424 425
267 268
183 184
130 131
494 493
31 32
480 479
339 338
46 47
311 310
188 187
459 460
151 150
284 285
421 420
256 257
62 63
414 413
461 460
476 477
261 260
262 263
324 323
147 146
140 141
393 392
27 26
190 189
467 466
345 346
109 108
263 264
323 322
314 313
64 63
101 102
365 364
377 376
160 159
291 292
210 211
355 356
100 101
376 377
88 89
127 128
416 417
148 147
344 345
62 61
194 193
145 146
398 397
343 344
126 125
7 8
59 58
398 399
106 105
367 366
250 249
260 261
96 95
139 140
339 340
125 126
479 478
313 314
293 292
13 12
241 242
18 17
76 75
334 335
285 286
353 352
450 451
149 148
410 409
447 448
271 272
434 435
11 10
424 423
430 431
169 168
150 151
34 33
234 233
35 34
442 441
153 152
203 204
98 97
454 455
247 246
111 112
163 162
419 420
399 400
84 83
401 402
379 378
248 247
495 496
405 406
13 14
395 396
120 119
287 288
115 116
115 114
246 247
453 454
299 300
146 147
42 41
216 217
211 210
103 102
308 307
191 190
172 173
187 186
101 100
130 129
184 183
397 398
406 407
316 317
430 429
380 379
347 346
322 321
40 39
489 490
344 343
310 309
52 53
278 277
50 49
92 93
432 433
116 117
200 199
316 315
28 27
462 461
414 415
486 485
301 302
396 397
368 367
45 44
305 306
242 241
295 294
298 297
217 216
263 262
181 180
253 252
482 481
32 31
75 76
455 454
21 22
340 341
314 315
322 323
420 419
493 494
434 433
320 319
167 166
41 40
488 487
212 211
478 477
347 348
214 215
223 224
303 302
389 390
10 9
105 106
47 46
331 330
221 222
8 9
363 364
213 212
210 209
233 234
437 438
411 412
443 444
386 385
336 337
106 107
440 439
254 253
371 370
324 325
287 286
119 120
294 293
99 100
197 198
168 169
223 222
276 277
69 70
127 126
491 492
19 18
395 394
354 353
66 67
426 425
500 499
352 353
158 157
447 446
325 324
44 45
222 223
213 214
472 471
93 92
153 154
351 350
61 62
265 266
438 437
304 305
332 331
368 369
215 214
52 51
498 500
137 138
466 467
487 486
441 440
319 320
460 459
43 44
143 142
460 461
391 392
47 48
482 483
65 66
220 221
373 372
413 412
265 264
432 431
365 366
228 227
30 31
402 401
194 195
196 195
82 83
374 373
31 30
281 280
376 375
417 418
239 240
41 42
257 258
245 246
351 352
328 327
87 86
290 291
161 160
74 73
146 145
473 474
277 276
288 287
144 145
226 227
104 105
420 421
367 368
94 95
439 440
446 445
202 201
496 497
353 354
147 148
412 411
122 123
457 456
274 275
243 242
121 122
491 490
121 120
451 452
154 155
292 293
190 191
187 188
394 395
258 257
306 305
232 231
418 419
283 282
181 182
436 435
71 70
164 165
251 250
413 414
404 403
46 45
78 79
140 139
177 178
225 224
359 358
164 163
317 316
132 131
65 64
81 82
400 399
377 378
407 408
124 125
141 140
262 261
428 429
289 290
457 458
128 127
296 295
74 75
286 287
282 283
91 90
60 59
15 16
94 93
89 88
177 176
29 30
476 475
145 144
96 97
309 308
117 116
388 389
282 281
107 108
375 374
255 254
354 355
151 152
360 359
402 403
437 436
78 77
18 19
185 184
483 484
372 373
387 386
37 36
384 385
308 309
399 398
288 289
272 271
236 235
315 314
4 5
125 124
87 88
418 417
431 432
236 237
312 311
152 153
156 157
229 228
2 3
493 492
303 304
431 430
261 262
355 354
455 456
356 355
44 43
27 28
126 127
435 434
394 393
485 486
219 220
86 85
157 158
166 165
275 276
67 66
405 404
305 304
445 444
224 225
400 401
174 173
90 91
311 312
201 202
211 212
222 221
281 282
458 459
415 414
33 32
159 158
152 151
54 55
484 485
82 81
369 368
341 340
273 272
198 197
89 90
465 464
182 183
290 289
363 362
75 74
22 23
11 12
259 258
481 480
136 135
408 407
131 130
264 263
357 358
20 19
463 462
233 232
373 374
337 336
252 253
17 18
19 20
189 190
103 104
67 68
16 15
237 238
185 186
389 388
312 313
76 77
155 154
271 270
346 347
195 194
227 228
330 329
456 455
245 244
86 87
356 357
327 326
70 71
63 62
16 17
259 260
475 476
5 6
26 27
321 320
461 462
59 60
452 453
135 134
235 236
159 160
171 170
195 196
325 326
409 410
117 118
225 226
319 318
329 330
285 284
43 42
192 191
202 203
239 238
113 112
396 395
3 4
186 187
123 122
35 36
286 285
95 96
386 387
375 376
197 196
494 495
268 269
99 98
209 208
299 298
132 133
215 216
345 344
15 14
231 230
427 426
496 495
374 375
346 345
444 445
326 327
85 86
416 415
467 468
231 232
426 427
297 296
323 324
300 299
170 171
108 107
352 351
110 111
28 29
12 11
1 2
253 254
137 136
141 142
366 365
162 161
359 360
342 341
201 200
119 118
131 132
23 22
349 348
199 200
477 476
241 240
95 94
385 386
392 393
230 231
238 239
21 20
85 84
384 383
330 331
133 132
255 256
490 491
4 3
369 370
335 336
206 205
470 469
17 16
6 7
3 1
37 38
104 103
198 199
57 58
393 394
149 150
309 310
66 65
49 50
266 267
178 177
135 136
63 64
385 384
93 94
220 219
166 167
459 458
184 185
433 432
469 468
488 489
313 312
71 72
214 213
436 437
296 297
362 361
410 411
179 178
249 250
80 81
337 338
295 296
234 235
297 298
102 101
33 34
289 288
84 85
429 428
90 89
83 82
306 307
257 256
333 332
334 333
48 47
171 172
5 4
452 451
317 318
479 480
167 168
232 233
361 362
69 68
489 488
444 443
50 51
441 442
20 21
449 450
163 164
246 245
114 115
39 38
36 37
123 124
342 343
83 84
456 457
206 207
448 447
294 295
357 356
207 208
484 483
292 291
249 248
497 498
9 10
38 37
129 130
301 300
274 273
56 55
0 1
116 115
379 380
480 481
403 402
468 467
208 207
36 35
58 59
364 363
338 339
22 21
332 333
102 103
39 40
238 237
24 25
9 8
243 244
422 421
216 215
310 311
148 149
218 219
449 448
79 80
