1000
111 112
361 362
237 238
413 414
343 344
376 377
332 331
37 38
20 21
290 289
161 162
213 214
65 66
182 183
233 232
267 268
498 497
356 355
17 16
212 213
270 271
410 409
1 1
4 5
496 497
457 458
165 164
402 403
224 223
32 31
121 122
445 444
464 463
254 255
56 57
82 81
344 345
255 254
294 293
372 371
458 457
466 465
363 364
466 467
4 3
160 161
19 20
306 307
280 279
208 209
62 63
77 78
272 271
398 397
323 324
128 127
224 225
347 346
477 478
201 200
338 339
84 83
54 55
481 482
5 6
433 434
358 357
236 237
167 166
244 245
458 459
485 486
226 225
156 157
305 306
250 251
401 402
374 373
236 235
149 150
64 63
226 227
391 390
220 219
62 61
38 39
473 472
275 274
136 137
116 117
232 231
446 447
47 48
146 145
180 181
91 90
341 340
81 82
217 218
48 47
394 395
192 191
74 75
147 146
231 232
166 165
123 124
145 146
59 60
50 49
97 96
121 120
456 455
256 257
482 483
257 258
422 421
52 53
278 279
428 429
253 254
137 138
146 147
129 130
274 275
322 321
270 269
103 104
72 71
342 341
211 212
497 496
222 223
166 167
178 179
59 58
287 286
46 47
198 199
181 180
73 72
300 301
439 438
36 37
261 262
99 98
155 156
408 409
386 387
214 213
422 423
485 484
171 170
202 201
330 331
215 216
295 294
362 361
222 221
490 489
334 333
493 492
399 400
382 383
384 383
380 379
195 196
126 125
299 300
349 350
267 266
412 413
21 20
48 49
17 18
140 139
449 450
209 210
12 13
112 111
262 263
90 89
125 126
476 475
343 342
500 499
432 431
357 356
25 26
163 162
94 93
22 23
417 418
2 3
34 33
119 118
415 416
420 419
85 86
156 155
40 39
92 93
75 74
159 158
50 51
131 130
207 206
371 372
498 499
307 308
109 110
320 321
100 99
435 434
385 384
158 157
118 119
274 273
18 19
188 189
360 361
101 102
127 128
143 144
256 255
108 107
92 91
157 156
144 145
411 410
273 272
107 106
272 273
450 449
176 175
395 394
344 343
262 261
454 453
205 204
151 152
239 240
346 347
418 419
357 358
494 493
309 310
135 136
439 440
221 222
457 456
51 50
420 421
437 438
44 45
0 1
30 31
235 236
351 352
232 233
435 436
27 26
88 89
187 186
426 425
250 249
182 181
447 446
106 105
496 495
315 314
3 2
358 359
30 29
389 388
414 415
18 17
71 70
489 490
359 358
28 29
82 83
353 354
206 205
440 439
49 48
139 140
172 171
130 131
170 171
67 66
486 487
463 462
203 202
225 226
348 349
335 336
283 282
5 4
53 52
69 70
404 403
228 229
15 14
133 132
228 227
442 441
406 405
206 207
384 385
302 303
201 202
470 471
83 84
348 347
298 299
414 413
142 143
424 423
340 339
336 335
199 198
246 245
441 440
213 212
318 317
462 463
114 115
383 384
263 264
96 95
86 85
63 62
415 414
383 382
447 448
350 351
185 186
416 415
158 159
61 62
154 155
311 310
165 166
385 386
429 430
174 175
273 274
367 368
26 27
331 330
183 182
453 454
476 477
269 270
304 305
205 206
350 349
41 42
438 437
77 76
411 412
430 431
227 228
500 500
247 248
177 176
354 353
271 272
368 369
308 307
263 262
390 391
157 158
489 488
22 21
366 365
86 87
475 476
333 332
400 399
418 417
370 369
371 370
325 324
76 75
186 187
364 363
390 389
200 201
280 281
219 220
231 230
49 50
481 480
314 315
153 152
33 32
80 79
11 10
431 432
400 401
70 71
81 80
230 229
42 41
60 61
55 56
124 125
185 184
164 163
234 233
89 88
105 104
472 471
152 151
32 33
243 242
116 115
345 344
172 173
180 179
235 234
125 124
301 302
352 353
39 40
252 253
234 235
375 374
297 296
472 473
271 270
215 214
51 52
225 224
68 69
405 406
23 22
404 405
426 427
399 398
456 457
360 359
104 105
379 378
443 442
105 106
75 76
491 492
169 168
240 239
107 108
378 379
296 295
37 36
186 185
36 35
147 148
372 373
255 256
78 79
412 411
76 77
97 98
60 59
45 46
450 451
230 231
353 352
10 11
145 144
488 487
410 411
368 367
194 195
220 221
379 380
285 286
448 449
136 135
109 108
463 464
479 480
346 345
47 46
378 377
365 366
396 395
312 313
118 117
330 329
66 65
363 362
304 303
25 24
55 54
310 309
471 470
258 257
87 88
324 323
65 64
286 285
312 311
160 159
446 445
191 190
321 320
252 251
387 386
238 237
281 282
175 176
355 356
487 488
321 322
284 285
221 220
39 38
196 197
292 291
444 443
2 1
179 178
178 177
168 169
295 296
169 170
245 246
421 422
128 129
129 128
153 154
314 313
329 328
425 426
408 407
196 195
319 320
1 2
462 461
327 326
303 304
470 469
68 67
381 382
478 479
181 182
149 148
461 460
148 149
249 248
183 184
341 342
442 443
333 334
223 222
120 119
212 211
265 266
281 280
480 481
45 44
110 109
78 77
369 368
209 208
260 261
364 365
313 312
122 121
110 111
480 479
93 92
474 473
427 428
63 64
294 295
95 94
210 211
28 27
187 188
117 118
296 297
29 30
303 302
268 269
257 256
455 454
61 60
433 432
403 402
441 442
264 263
202 203
405 404
359 360
316 315
14 13
320 319
218 217
449 448
338 337
461 462
216 215
199 200
211 210
317 318
115 114
310 311
495 496
173 174
425 424
14 15
259 260
144 143
241 242
469 470
111 110
289 290
443 444
57 56
54 53
184 185
174 173
19 18
216 217
6 5
135 134
98 99
393 392
491 490
391 392
452 453
44 43
79 78
96 97
407 408
93 94
13 12
83 82
150 151
253 252
35 34
138 139
99 100
242 243
134 135
434 435
179 180
488 489
337 338
195 194
191 192
495 494
106 107
417 416
223 224
349 348
162 163
451 452
317 316
251 250
409 410
154 153
365 364
464 465
387 388
102 101
227 226
434 433
142 141
318 319
393 394
355 354
290 291
440 441
204 205
298 297
260 259
326 325
79 80
483 482
395 396
164 165
29 28
132 133
189 188
217 216
42 43
389 390
246 247
339 340
210 209
161 160
192 193
119 120
244 243
354 355
27 28
423 422
163 164
292 293
43 44
229 230
275 276
351 350
301 300
392 393
114 113
459 460
352 351
8 9
130 129
313 314
243 244
258 259
369 370
486 485
345 346
407 406
302 301
24 25
282 281
7 8
240 241
155 154
331 332
471 472
474 475
58 57
306 305
140 141
133 134
43 42
424 425
177 178
102 103
264 265
460 459
245 244
288 287
84 85
397 396
277 278
460 461
8 7
396 397
347 348
100 101
340 341
237 236
131 132
484 483
334 335
336 337
134 133
297 298
10 9
285 284
16 17
188 187
31 32
468 467
12 11
259 258
90 91
375 376
319 318
115 116
193 192
307 306
70 69
214 215
103 102
339 338
40 41
467 468
141 142
91 92
23 24
469 468
159 160
429 428
380 381
293 292
478 477
445 446
88 87
11 12
291 290
197 196
66 67
73 74
124 123
299 298
193 194
203 204
448 447
87 86
80 81
98 97
276 277
94 95
377 376
233 234
13 14
239 238
141 140
265 264
35 36
24 23
173 172
101 100
269 268
377 378
162 161
342 343
444 445
438 439
428 427
242 241
279 278
176 177
139 138
293 294
137 136
430 429
229 228
465 464
108 109
499 498
332 333
323 322
325 326
406 407
278 277
21 22
392 391
493 494
276 275
138 137
483 484
266 267
416 417
20 19
432 433
286 287
473 474
475 474
248 247
117 116
89 90
208 207
34 35
494 495
127 126
247 246
7 6
167 168
219 218
322 323
241 240
454 455
150 149
56 55
15 16
249 250
184 183
113 114
370 371
300 299
277 276
376 375
388 389
477 476
9 10
71 72
497 498
315 316
382 381
305 304
465 466
52 51
104 103
366 367
309 308
484 485
113 112
468 469
397 398
436 435
459 458
197 198
388 387
207 208
356 357
282 283
419 420
58 59
3 4
324 325
328 327
122 123
95 96
152 153
64 65
437 436
373 372
74 73
200 199
266 265
143 142
394 393
373 374
33 34
401 400
112 113
479 478
189 190
398 399
403 404
452 451
311 312
175 174
38 37
362 363
6 7
453 452
279 280
26 25
248 249
289 288
329 330
170 169
126 127
374 375
268 267
67 68
419 418
218 219
291 292
409 408
326 327
57 58
386 385
120 121
251 252
198 197
284 283
69 68
327 328
451 450
287 288
367 366
335 334
436 437
194 193
254 253
381 380
123 122
261 260
53 54
421 420
9 8
31 30
316 317
423 424
308 309
72 73
151 150
190 189
482 481
288 289
455 456
492 493
487 486
204 203
328 329
16 15
467 466
132 131
427 426
492 491
190 191
41 40
431 430
46 45
413 412
402 401
168 167
490 491
283 284
361 360
337 336
238 239
148 147
171 172
85 84
