1000
901 10
658 945
402 1471
929 152
788 441
185 1034
966 634
626 154
376 457
641 305
922 278
633 583
936 289
99 317
688 628
420 398
264 66
243 1053
489 535
106 896
285 362
382 1838
704 911
415 13
369 1359
475 1033
956 106
445 887
437 693
661 140
562 828
576 578
766 974
917 140
446 108
492 317
490 215
129 63
416 357
620 966
245 149
765 76
514 76
191 1036
61 128
610 606
874 1631
170 245
727 356
957 792
11 93
161 239
823 488
587 268
327 846
849 1021
310 123
711 1016
260 826
782 171
630 365
120 907
701 127
65 202
89 536
776 1110
955 484
247 822
45 616
271 1163
576 171
770 380
957 398
822 425
311 221
307 558
544 221
373 266
200 403
982 641
739 77
299 317
322 221
777 22
124 769
799 113
379 31
614 795
152 89
820 183
660 628
756 753
576 302
352 444
930 205
24 472
380 313
941 344
962 687
844 226
473 818
848 46
77 482
58 108
599 193
864 890
555 67
435 132
12 132
683 426
391 47
97 264
350 700
972 784
842 416
758 513
514 61
882 717
971 586
995 829
443 255
838 821
101 61
378 364
342 282
455 134
235 152
90 635
15 876
377 253
502 1081
473 179
115 430
241 479
375 26
833 732
698 107
261 114
188 948
66 351
796 214
403 271
658 358
115 834
743 83
375 50
814 390
673 220
117 34
931 233
988 190
195 351
921 469
227 281
379 1126
819 296
364 570
678 534
701 169
395 279
874 1087
786 96
845 395
69 775
987 748
141 162
843 1047
768 618
604 721
508 114
60 1473
699 723
416 530
673 1598
260 77
107 72
752 81
20 163
588 400
709 924
424 1352
713 319
106 528
583 674
667 31
280 239
0 688
221 1547
484 616
362 86
196 498
177 608
529 360
481 1373
216 303
145 445
772 545
592 203
2 1250
528 428
546 251
75 420
74 105
789 749
446 1623
806 947
149 317
655 1273
962 227
574 115
550 85
781 633
109 383
414 528
445 126
467 185
369 476
70 65
80 155
666 368
558 412
805 217
738 731
137 897
237 568
886 324
20 801
999 1394
122 819
941 245
867 1069
310 551
961 462
242 171
711 660
529 536
986 334
786 132
671 815
322 390
938 447
800 238
674 34
829 48
264 1241
756 1040
312 728
867 2393
155 189
706 1390
673 180
150 1075
832 76
406 217
544 112
6 621
533 943
667 204
157 57
339 822
395 455
687 192
510 513
788 303
332 673
846 999
429 837
619 423
496 304
691 818
811 405
718 26
598 639
537 194
810 835
806 697
966 196
184 629
850 1146
344 319
270 256
463 72
114 302
282 72
55 463
420 126
989 1168
601 558
57 80
748 313
432 572
695 73
47 670
191 419
860 252
54 226
890 1591
323 270
269 28
931 192
510 181
961 800
953 544
505 347
770 508
909 292
25 614
299 5
696 416
898 1104
731 606
356 416
23 393
59 255
886 1022
116 894
901 270
813 218
235 456
965 201
990 832
815 244
142 970
82 1222
290 164
872 177
317 54
24 1142
729 283
280 584
925 90
334 951
526 561
699 1635
137 411
651 202
79 518
857 165
521 307
433 876
140 634
697 117
223 284
811 660
989 205
909 14
551 649
368 248
367 233
831 374
602 122
45 40
456 940
305 6
333 254
51 120
814 862
27 33
443 118
901 210
393 127
462 350
838 16
731 1106
659 558
972 199
7 220
486 709
850 1117
325 559
507 108
702 976
118 13
539 112
707 163
874 937
548 679
678 562
958 115
126 1644
549 463
288 1576
926 605
407 237
783 1159
213 592
977 16
378 1012
865 418
975 894
818 911
5 464
283 38
888 1618
843 121
995 12
552 1098
392 350
642 680
455 176
519 1053
319 24
565 415
438 653
621 294
758 383
942 226
764 47
490 597
969 89
591 1027
184 307
711 56
85 192
722 1130
290 434
470 268
524 904
443 532
922 125
670 72
572 686
94 522
17 1592
288 224
861 722
330 648
628 868
267 652
501 654
946 288
966 572
183 803
107 425
577 339
992 483
682 17
934 508
823 1165
412 677
909 771
497 1844
937 371
136 43
661 677
588 1052
411 203
858 8
484 227
558 494
362 645
620 1733
145 605
402 912
469 316
90 918
34 1195
327 878
795 112
516 460
444 572
937 1305
973 114
40 1142
969 623
74 66
255 62
317 640
431 971
940 502
246 1148
972 467
331 1410
191 41
73 979
50 1185
637 995
627 879
712 561
241 481
104 722
728 459
780 319
713 53
122 812
300 749
308 667
192 297
741 462
684 227
939 526
787 165
98 69
707 538
694 6
502 642
770 728
432 418
688 148
609 716
293 545
940 191
805 631
726 732
622 183
403 1498
952 1317
442 27
572 9
345 50
957 712
652 1789
354 320
464 533
603 341
639 473
284 68
894 646
804 540
74 414
990 1112
820 61
365 40
75 404
600 0
776 191
56 510
366 687
354 48
904 1520
144 563
530 613
305 1074
964 123
729 189
211 5
913 272
811 473
754 128
984 511
126 692
245 922
761 557
703 841
54 231
472 75
883 218
3 981
775 304
2 526
524 327
136 774
559 341
189 163
41 1283
750 1051
765 25
431 607
965 834
864 28
771 19
636 1135
904 61
583 15
992 363
963 541
296 566
208 902
248 1698
719 67
817 1124
212 373
687 405
546 91
191 127
796 490
778 650
159 656
646 1010
325 693
646 730
819 329
923 993
182 333
201 119
435 331
294 175
439 445
896 394
236 84
677 416
624 90
549 720
384 405
969 460
4 532
989 362
626 863
137 219
196 660
214 1210
77 148
694 1100
692 158
403 754
741 8
663 1009
729 278
708 521
223 711
883 924
150 463
184 290
584 1657
365 75
679 221
636 304
35 930
890 347
220 1070
66 272
620 1177
8 251
104 169
219 696
682 32
535 889
572 1437
879 86
229 435
559 190
183 197
143 235
418 465
575 514
548 352
728 31
597 620
752 638
4 232
239 624
651 519
493 52
386 426
546 262
382 50
255 157
868 162
170 448
578 798
934 727
730 437
240 364
161 455
915 595
789 177
929 344
687 736
454 245
553 11
892 855
938 422
869 175
582 287
29 238
737 212
591 1867
626 62
728 162
350 445
557 518
364 692
518 754
218 1138
599 213
92 9
364 528
264 896
960 220
575 214
70 421
772 338
508 1400
547 7
953 49
526 612
599 748
665 271
509 1282
720 1007
97 698
468 452
765 104
680 329
716 1584
125 495
50 230
552 167
119 237
561 326
777 1482
892 902
31 1295
321 5
833 318
633 833
800 1220
541 918
792 600
465 132
726 822
105 185
300 74
312 343
242 434
436 551
945 771
522 246
952 1018
394 84
444 367
536 792
500 888
258 147
295 35
543 87
617 525
302 492
172 48
380 20
424 627
603 941
351 851
126 677
209 1018
239 14
556 349
938 70
831 515
274 399
550 124
576 1449
2 705
547 631
686 257
394 445
686 827
906 357
385 940
330 72
371 88
302 1260
741 216
984 66
350 627
695 131
876 1020
657 165
162 740
912 232
717 505
664 729
804 640
419 941
288 910
296 626
172 1177
796 1599
174 401
955 142
747 766
334 1151
43 557
240 889
37 1247
227 1394
373 987
455 636
549 1058
827 26
556 334
251 15
224 474
824 826
706 767
824 955
960 262
515 380
708 1382
917 488
152 867
505 999
100 613
725 126
212 257
114 363
956 119
554 512
298 56
611 507
760 381
978 593
742 652
155 58
688 1238
321 422
3 285
879 237
716 39
307 41
62 245
921 1186
676 362
520 1432
228 370
347 1018
425 1541
651 385
734 61
902 187
523 365
197 114
518 2446
112 763
767 82
520 761
426 181
666 634
410 254
730 585
964 625
551 566
356 561
736 82
531 755
628 236
802 764
145 1062
931 540
809 435
989 173
102 432
249 87
954 714
120 215
203 196
46 380
175 485
450 555
868 610
697 227
744 96
243 784
813 900
872 404
676 1200
875 334
597 219
111 47
594 272
278 26
903 123
847 1248
210 546
228 408
301 129
818 502
308 75
687 3
176 97
815 326
714 59
406 79
277 182
532 794
134 350
176 51
418 404
656 1003
108 30
758 261
949 951
22 139
371 674
767 1035
985 832
551 417
411 204
388 529
644 317
435 435
721 462
357 36
158 794
941 1088
470 1121
239 421
741 248
6 275
120 424
598 1212
904 1152
291 471
46 116
467 88
166 869
739 594
329 1102
592 802
930 886
762 516
283 13
467 891
706 361
784 948
693 279
42 532
829 576
653 98
868 660
574 789
156 749
2 492
262 251
393 515
228 709
644 475
370 149
9 75
742 201
319 303
216 1222
405 565
611 1954
377 323
267 663
858 895
331 815
106 1426
695 224
702 342
415 364
882 404
624 419
279 896
11 200
40 294
223 105
761 314
356 14
878 593
34 119
314 532
413 118
165 59
211 217
956 416
26 41
262 16
466 1003
846 470
670 821
264 696
239 158
75 664
414 48
149 262
680 778
872 580
972 363
563 76
121 276
120 474
273 931
747 959
372 472
979 27
769 929
191 551
209 118
762 343
198 9
326 716
185 896
975 191
533 184
52 1099
329 419
374 1593
103 706
234 966
326 639
413 111
165 460
790 283
529 804
291 207
795 499
732 548
273 66
