100 48.3
1 1
2 2
3 4
4 7
5 11
6 16
7 22
8 29
9 37
10 46
11 56
12 67
13 79
14 92
15 106
16 121
17 137
18 154
19 172
20 191
21 211
22 232
23 254
24 277
25 301
26 326
27 352
28 379
29 407
30 436
31 466
32 497
33 529
34 562
35 596
36 631
37 667
38 704
39 742
40 781
41 821
42 862
43 904
44 947
45 991
46 1036
47 1082
48 1129
49 1177
50 1226
51 1276
52 1327
53 1379
54 1432
55 1486
56 1541
57 1597
58 1654
59 1712
60 1771
61 1831
62 1892
63 1954
64 2017
65 2081
66 2146
67 2212
68 2279
69 2347
70 2416
71 2486
72 2557
73 2629
74 2702
75 2776
76 2851
77 2927
78 3004
79 3082
80 3161
81 3241
82 3322
83 3404
84 3487
85 3571
86 3656
87 3742
88 3829
89 3917
90 4006
91 4096
92 4187
93 4279
94 4372
95 4466
96 4561
97 4657
98 4754
99 4852
100 4951
