100 98.0
1 4951
2 4950
3 4948
4 4945
5 4941
6 4936
7 4930
8 4923
9 4915
10 4906
11 4896
12 4885
13 4873
14 4860
15 4846
16 4831
17 4815
18 4798
19 4780
20 4761
21 4741
22 4720
23 4698
24 4675
25 4651
26 4626
27 4600
28 4573
29 4545
30 4516
31 4486
32 4455
33 4423
34 4390
35 4356
36 4321
37 4285
38 4248
39 4210
40 4171
41 4131
42 4090
43 4048
44 4005
45 3961
46 3916
47 3870
48 3823
49 3775
50 3726
51 3676
52 3625
53 3573
54 3520
55 3466
56 3411
57 3355
58 3298
59 3240
60 3181
61 3121
62 3060
63 2998
64 2935
65 2871
66 2806
67 2740
68 2673
69 2605
70 2536
71 2466
72 2395
73 2323
74 2250
75 2176
76 2101
77 2025
78 1948
79 1870
80 1791
81 1711
82 1630
83 1548
84 1465
85 1381
86 1296
87 1210
88 1123
89 1035
90 946
91 856
92 765
93 673
94 580
95 486
96 391
97 295
98 198
99 100
100 1
