100 100.0
1 500000
2 0
3 500003
4 500006
5 0
6 500015
7 500021
8 0
9 500036
10 500045
11 0
12 500066
13 500078
14 0
15 500105
16 500120
17 0
18 500153
19 500171
20 0
21 500210
22 500231
23 0
24 500276
25 500300
26 0
27 500351
28 500378
29 0
30 500435
31 500465
32 0
33 500528
34 500561
35 0
36 500630
37 500666
38 0
39 500741
40 500780
41 0
42 500861
43 500903
44 0
45 500990
46 501035
47 0
48 501128
49 501176
50 0
51 501275
52 501326
53 0
54 501431
55 501485
56 0
57 501596
58 501653
59 0
60 501770
61 501830
62 0
63 501953
64 502016
65 0
66 502145
67 502211
68 0
69 502346
70 502415
71 0
72 502556
73 502628
74 0
75 502775
76 502850
77 0
78 503003
79 503081
80 0
81 503240
82 503321
83 0
84 503486
85 503570
86 0
87 503741
88 503828
89 0
90 504005
91 504095
92 0
93 504278
94 504371
95 0
96 504560
97 504656
98 0
99 504851
100 504950
