100 1.3
331 2582
1469 920
1941 164
2039 1438
2578 156
3400 659
4321 2923
7263 2691
8032 317
8356 2798
8391 1296
9251 885
10665 1979
10685 219
10738 2199
10982 1436
11423 2395
12033 1106
13775 2862
14891 3867
15608 713
15976 1740
16273 3829
17751 1377
17763 2374
18623 2157
19375 1648
20170 1159
21112 569
21239 60
21564 1113
22025 154
22654 3557
24758 2745
26752 1539
27064 2156
27892 3496
29183 21
33334 658
35034 3074
36924 2239
38377 1508
38790 1956
39878 115
40066 1351
42834 2076
44424 3915
45711 2348
46307 1470
46580 153
48216 18
50604 2641
51304 3568
51552 2646
52228 2409
54249 2434
55125 3748
57851 326
58725 1231
62146 412
63201 2202
64795 158
65067 3707
65929 1160
66152 504
66803 614
67171 2890
70484 1797
70742 2208
72019 3315
72108 319
72536 1985
73813 3621
74160 1999
74586 3858
76239 2599
77590 1757
77950 763
78547 820
80061 2543
81015 587
81269 1774
81488 3712
84881 2971
85019 2953
85939 3194
85975 2162
86072 584
88967 923
90022 1915
90129 199
90718 1984
91758 3402
92787 1720
94759 3711
95119 750
97449 1245
98338 2794
98560 1594
99148 1951
