100 53.0
11120 500000.0
29137 78579
29357 69035
73334 80526
76153 78885
87249 77392
93884 76123
98979 87773
99271 54966
107403 65552
112017 79848
116949 74576
124025 64233
124150 78191
127071 89078
129002 97500
156975 80800
168873 53104
172960 86046
189999 58141
203254 80800
214351 94852
228786 66234
234111 86200
258930 77677
266988 50002
268200 94945
273051 75337
276317 76478
283986 50112
284284 71523
287367 95262
288704 86066
292166 72864
294302 79620
294990 66021
305152 72054
317705 68560
330991 83489
353439 61117
375424 51554
378190 89933
381951 85442
400429 79503
412939 65532
415942 54999
423284 74171
459955 55161
471588 51029
474586 61358
489284 69226
508285 50400
510266 48773
524791 445842
538738 376548
541346 355740
552716 296998
578114 359648
606895 433845
611618 316840
617699 288859
623718 252752
637042 232132
645795 261246
654434 426070
662347 275097
663463 223387
664513 283223
668380 503775
671993 317497
683355 480733
683715 383133
690434 321236
696253 299702
697756 317056
704905 306374
717470 718664
720249 167432
736714 131793
769717 126466
770841 136605
783290 92407
791890 161821
815285 166372
837017 109016
843350 154879
847092 172762
857869 114139
895566 176551
906858 136308
913114 152531
914982 138621
915220 120370
917287 139137
929200 159832
939955 560831
945252 347870
953075 285166
979690 330652
986030 405472
