100 18.0
13329 500000.0
29538 791921
34874 345037
72991 468005
78114 335393
89253 1000000
96245 453025
98141 298629
101612 1000000
121208 400564
137729 1000000
150051 568457
158649 1000000
160360 1000000
161771 1000000
165360 478906
175457 1000000
176843 1000000
177601 1000000
191461 1000000
203523 179891
207540 1000000
207697 1000000
224110 1000000
228870 1000000
257928 223924
266242 220934
271974 1000000
279353 1000000
287175 1000000
297136 1000000
297943 1000000
319397 1000000
320191 167416
325874 1000000
331526 214633
340009 1000000
342748 178915
355393 173474
384824 1000000
401458 177018
462818 216583
465785 1000000
490482 1000000
498947 137231
502846 145216
513322 148004
515175 157042
518444 1000000
524035 127399
529997 152348
533557 205891
542003 1000000
568418 212941
589571 184148
604368 192322
611087 1000000
625440 110544
633682 1000000
641067 1000000
666031 1000000
680507 199006
684538 192927
692853 1000000
697439 1000000
702945 191217
703475 1000000
714293 1000000
714763 143354
714974 833378
720612 278569
740174 260576
740886 1000000
746945 243941
756053 162663
759640 1000000
775054 1000000
778866 1000000
779103 281693
794544 1000000
797500 204592
802167 1000000
803149 1000000
821533 1000000
822792 1000000
837886 69587
845554 48845
858941 1000000
880593 1000000
884216 46393
886272 1000000
888885 42278
901488 40264
907828 1000000
937102 1000000
938244 1000000
966975 66915
969547 1000000
969569 46890
999325 1000000
