100
43 99
19 57
30 75
-52 23
31 60
61 78
-53 12
14 38
-64 11
37 88
62 5
52 50
15 83
89 78
66 20
59 1
35 8
-85 4
-52 30
53 3
99 59
-17 56
51 25
32 29
63 37
27 0
69 10
17 83
-29 52
41 10
81 32
-20 97
-42 65
-27 3
-83 72
96 13
2 13
-26 49
-83 2
75 0
-46 26
-87 60
-4 90
1 53
-82 72
61 25
99 86
-31 43
-78 39
-15 1
4 97
-70 17
-37 90
-75 1
-85 59
24 22
74 71
-52 57
30 24
87 98
-67 53
64 49
-71 50
7 27
-100 34
51 38
-95 26
-53 50
54 82
47 12
-90 18
-46 56
-34 1
97 78
-16 37
-2 9
-81 11
-47 74
62 31
-97 76
-6 47
59 58
-68 75
23 73
-66 49
-54 80
53 3
75 0
41 10
62 31
-20 97
63 37
99 59
-6 47
-90 18
27 0
-15 1
64 49
-47 74
62 5
