100
7 88
7 81
-28 61
-45 60
31 23
29 67
-40 100
-100 1
-6 74
9 8
-63 96
-41 29
77 5
11 94
97 52
57 56
-92 42
38 63
77 14
66 47
-95 19
89 11
-69 2
16 20
41 93
-13 51
24 19
-53 85
-91 60
-40 9
99 25
-47 86
68 96
95 74
86 9
-69 71
21 71
-1 25
-13 18
37 52
-26 46
15 64
-2 40
24 49
-32 3
-77 20
83 91
26 0
25 8
40 76
91 66
-44 73
55 40
42 79
-72 23
71 21
60 44
-15 44
95 76
-22 31
-74 21
-84 22
98 54
-5 20
74 4
73 66
68 30
4 20
89 75
-97 44
25 64
-4 85
-37 31
-59 71
-83 56
4 99
89 61
-86 36
-87 33
68 37
-92 53
-37 21
0 8
-14 82
-63 19
90 93
22 6
-36 17
66 67
86 61
-93 27
-7 19
-6 76
97 54
24 74
-84 22
37 52
38 63
89 75
4 99
