100
20 14
95 50
-64 87
-89 17
-72 68
-41 91
93 17
-63 94
-92 84
-85 17
-41 68
87 57
34 52
-48 75
-77 15
-95 98
3 43
-50 26
-16 50
-7 76
-37 26
85 27
6 74
69 70
-85 6
-54 45
-66 26
-63 48
-93 11
88 67
12 83
-45 26
10 93
-6 24
-16 82
-44 61
-90 33
-14 37
-15 73
1 61
65 83
-20 27
91 12
97 39
-55 71
59 69
72 37
-77 22
-51 3
53 47
78 12
71 51
-28 39
66 25
-71 58
-49 42
13 51
-88 71
82 15
-32 12
63 15
-51 25
-15 20
82 19
21 7
27 78
31 35
-5 78
25 81
51 4
-72 62
-65 92
55 88
27 98
-94 32
25 97
100 60
-11 30
-98 12
-4 74
-28 57
-55 5
-67 15
45 78
-88 78
-48 100
-51 38
76 23
41 58
42 88
31 67
81 64
2 29
34 24
83 78
18 39
83 59
-17 17
-5 15
33 100
