100
-15 29
-58 49
47 88
-28 70
-30 49
87 97
47 1
99 31
69 2
12 19
-62 92
-19 21
-35 83
76 79
49 7
-70 100
50 4
10 36
88 27
-82 92
-8 93
21 16
42 85
-96 15
-75 18
76 22
-87 34
-19 28
58 3
55 73
-54 55
-86 38
2 18
-73 85
-77 52
-95 84
68 63
1 29
-95 10
-66 9
17 93
2 54
36 95
-29 69
-93 1
67 59
-18 22
-65 8
83 5
84 87
92 13
69 90
-68 52
67 90
91 10
55 67
7 76
-75 30
-44 55
-8 93
17 87
84 52
15 10
71 35
38 27
75 31
-30 48
80 41
59 48
-25 96
12 93
-80 27
41 21
-46 3
-43 23
20 85
-39 8
-40 70
45 79
-61 63
-16 15
-42 49
73 92
-70 57
53 94
82 24
41 99
27 50
67 59
-77 52
67 59
-28 70
42 85
20 85
-82 92
-42 49
-82 92
75 31
-30 48
-70 57
