100
28 70
-59 31
-41 70
-35 50
40 59
87 89
40 67
61 43
50 84
-8 49
-29 51
78 0
-71 3
37 33
-92 61
73 22
-12 78
-24 47
14 100
95 83
-51 97
94 3
12 21
20 1
-85 13
88 75
-73 22
40 59
-96 87
11 53
-49 47
-72 62
40 99
-55 75
-9 57
26 15
32 97
12 83
-98 55
38 100
-90 60
31 82
38 12
34 39
36 58
75 3
-17 53
35 11
49 74
4 71
-29 28
86 60
50 61
-46 69
-87 41
19 39
37 85
52 56
-49 70
-10 91
-25 32
23 99
-63 70
63 54
100 22
-72 38
18 94
-98 85
69 20
73 53
85 9
42 64
28 96
-28 74
80 75
71 56
86 57
22 48
-96 81
98 88
-29 17
100 87
98 51
3 81
-2 40
-19 51
46 83
75 42
41 58
4 65
90 75
-17 61
55 15
28 70
-12 78
-29 28
40 59
50 61
-55 75
40 67
