100
42 27
-18 35
-18 35
-93 38
-9 44
-84 29
18 42
-58 3
61 0
28 81
-77 22
-56 1
-94 39
-64 9
86 51
-25 28
88 43
12 40
58 47
94 80
60 22
100 91
57 33
7 52
-41 12
-54 0
38 47
23 1
38 49
-79 24
-99 44
-55 0
19 44
82 8
0 27
-71 16
-10 43
-17 4
24 34
8 50
-51 2
-82 27
26 13
75 39
66 62
60 52
-93 38
88 26
84 47
-60 5
28 59
15 9
-73 18
-47 6
-69 14
-94 39
1 30
66 26
-33 20
45 58
4 40
24 9
-35 18
-54 0
-57 2
17 18
-19 19
51 35
-77 22
65 19
-64 9
-73 16
-57 2
-81 26
-29 24
-41 12
19 72
74 74
-3 50
85 67
100 8
93 7
-66 11
68 43
94 62
-54 0
-57 2
88 43
-66 11
-81 26
74 74
-84 29
18 42
-35 18
66 62
1 30
-82 27
-77 22
-71 16
4 40
