100
58 1
-33 19
93 25
-33 11
-49 65
-86 76
-51 64
-94 88
34 3
17 12
-67 44
65 21
-91 44
55 3
-1 30
49 18
-62 41
11 18
-76 84
-95 31
54 18
-61 31
88 57
-10 38
48 2
-36 44
-47 50
-93 8
-76 31
-75 37
-65 53
22 7
97 66
52 21
-25 12
-48 38
59 27
-59 73
12 17
39 8
-34 12
72 41
91 60
95 64
-34 63
91 3
-92 24
-44 60
-17 46
29 0
-22 31
-31 18
-87 63
37 6
-39 16
53 11
-46 75
12 17
19 10
-34 39
-4 33
84 40
59 28
40 9
-99 52
-45 58
-23 52
45 14
72 37
75 1
-88 54
8 8
-18 31
-13 42
76 19
14 15
47 16
-12 41
22 6
-27 48
-74 72
36 5
61 30
-22 51
40 9
96 39
84 53
-95 34
-4 33
4 25
97 66
-92 24
-13 42
55 3
-18 31
12 17
-12 41
-4 33
17 12
97 66
