100
36 5
22 2
-60 19
15 26
95 52
-100 40
-27 12
-9 4
-22 7
-67 52
-81 27
31 10
-24 9
43 0
99 56
-16 1
-2 11
-41 26
14 27
78 35
-96 71
83 40
10 23
-26 11
89 35
49 6
84 41
-75 20
-85 54
69 26
-32 17
-43 28
-75 28
-52 14
-53 38
85 38
-3 4
-96 50
37 4
-66 15
-3 10
-39 4
49 6
-97 82
-42 27
16 25
-22 7
7 20
-92 54
-50 12
-94 67
90 47
97 54
88 45
76 24
-10 3
47 4
-96 60
31 10
29 12
-52 35
3 16
10 23
96 53
94 51
-64 49
80 5
32 5
-58 43
-81 31
-35 7
74 31
-23 8
-46 20
75 32
-57 42
-82 30
47 4
-21 6
76 27
-42 27
-15 0
-12 1
31 10
-22 7
92 39
10 23
31 10
-10 3
-16 1
-22 7
31 10
78 35
7 20
-75 20
-75 28
80 5
-23 8
-22 7
31 10
