1000 1000.0
1 499501
2 499500
3 499498
4 499495
5 499491
6 499486
7 499480
8 499473
9 499465
10 499456
11 499446
12 499435
13 499423
14 499410
15 499396
16 499381
17 499365
18 499348
19 499330
20 499311
21 499291
22 499270
23 499248
24 499225
25 499201
26 499176
27 499150
28 499123
29 499095
30 499066
31 499036
32 499005
33 498973
34 498940
35 498906
36 498871
37 498835
38 498798
39 498760
40 498721
41 498681
42 498640
43 498598
44 498555
45 498511
46 498466
47 498420
48 498373
49 498325
50 498276
51 498226
52 498175
53 498123
54 498070
55 498016
56 497961
57 497905
58 497848
59 497790
60 497731
61 497671
62 497610
63 497548
64 497485
65 497421
66 497356
67 497290
68 497223
69 497155
70 497086
71 497016
72 496945
73 496873
74 496800
75 496726
76 496651
77 496575
78 496498
79 496420
80 496341
81 496261
82 496180
83 496098
84 496015
85 495931
86 495846
87 495760
88 495673
89 495585
90 495496
91 495406
92 495315
93 495223
94 495130
95 495036
96 494941
97 494845
98 494748
99 494650
100 494551
101 494451
102 494350
103 494248
104 494145
105 494041
106 493936
107 493830
108 493723
109 493615
110 493506
111 493396
112 493285
113 493173
114 493060
115 492946
116 492831
117 492715
118 492598
119 492480
120 492361
121 492241
122 492120
123 491998
124 491875
125 491751
126 491626
127 491500
128 491373
129 491245
130 491116
131 490986
132 490855
133 490723
134 490590
135 490456
136 490321
137 490185
138 490048
139 489910
140 489771
141 489631
142 489490
143 489348
144 489205
145 489061
146 488916
147 488770
148 488623
149 488475
150 488326
151 488176
152 488025
153 487873
154 487720
155 487566
156 487411
157 487255
158 487098
159 486940
160 486781
161 486621
162 486460
163 486298
164 486135
165 485971
166 485806
167 485640
168 485473
169 485305
170 485136
171 484966
172 484795
173 484623
174 484450
175 484276
176 484101
177 483925
178 483748
179 483570
180 483391
181 483211
182 483030
183 482848
184 482665
185 482481
186 482296
187 482110
188 481923
189 481735
190 481546
191 481356
192 481165
193 480973
194 480780
195 480586
196 480391
197 480195
198 479998
199 479800
200 479601
201 479401
202 479200
203 478998
204 478795
205 478591
206 478386
207 478180
208 477973
209 477765
210 477556
211 477346
212 477135
213 476923
214 476710
215 476496
216 476281
217 476065
218 475848
219 475630
220 475411
221 475191
222 474970
223 474748
224 474525
225 474301
226 474076
227 473850
228 473623
229 473395
230 473166
231 472936
232 472705
233 472473
234 472240
235 472006
236 471771
237 471535
238 471298
239 471060
240 470821
241 470581
242 470340
243 470098
244 469855
245 469611
246 469366
247 469120
248 468873
249 468625
250 468376
251 468126
252 467875
253 467623
254 467370
255 467116
256 466861
257 466605
258 466348
259 466090
260 465831
261 465571
262 465310
263 465048
264 464785
265 464521
266 464256
267 463990
268 463723
269 463455
270 463186
271 462916
272 462645
273 462373
274 462100
275 461826
276 461551
277 461275
278 460998
279 460720
280 460441
281 460161
282 459880
283 459598
284 459315
285 459031
286 458746
287 458460
288 458173
289 457885
290 457596
291 457306
292 457015
293 456723
294 456430
295 456136
296 455841
297 455545
298 455248
299 454950
300 454651
301 454351
302 454050
303 453748
304 453445
305 453141
306 452836
307 452530
308 452223
309 451915
310 451606
311 451296
312 450985
313 450673
314 450360
315 450046
316 449731
317 449415
318 449098
319 448780
320 448461
321 448141
322 447820
323 447498
324 447175
325 446851
326 446526
327 446200
328 445873
329 445545
330 445216
331 444886
332 444555
333 444223
334 443890
335 443556
336 443221
337 442885
338 442548
339 442210
340 441871
341 441531
342 441190
343 440848
344 440505
345 440161
346 439816
347 439470
348 439123
349 438775
350 438426
351 438076
352 437725
353 437373
354 437020
355 436666
356 436311
357 435955
358 435598
359 435240
360 434881
361 434521
362 434160
363 433798
364 433435
365 433071
366 432706
367 432340
368 431973
369 431605
370 431236
371 430866
372 430495
373 430123
374 429750
375 429376
376 429001
377 428625
378 428248
379 427870
380 427491
381 427111
382 426730
383 426348
384 425965
385 425581
386 425196
387 424810
388 424423
389 424035
390 423646
391 423256
392 422865
393 422473
394 422080
395 421686
396 421291
397 420895
398 420498
399 420100
400 419701
401 419301
402 418900
403 418498
404 418095
405 417691
406 417286
407 416880
408 416473
409 416065
410 415656
411 415246
412 414835
413 414423
414 414010
415 413596
416 413181
417 412765
418 412348
419 411930
420 411511
421 411091
422 410670
423 410248
424 409825
425 409401
426 408976
427 408550
428 408123
429 407695
430 407266
431 406836
432 406405
433 405973
434 405540
435 405106
436 404671
437 404235
438 403798
439 403360
440 402921
441 402481
442 402040
443 401598
444 401155
445 400711
446 400266
447 399820
448 399373
449 398925
450 398476
451 398026
452 397575
453 397123
454 396670
455 396216
456 395761
457 395305
458 394848
459 394390
460 393931
461 393471
462 393010
463 392548
464 392085
465 391621
466 391156
467 390690
468 390223
469 389755
470 389286
471 388816
472 388345
473 387873
474 387400
475 386926
476 386451
477 385975
478 385498
479 385020
480 384541
481 384061
482 383580
483 383098
484 382615
485 382131
486 381646
487 381160
488 380673
489 380185
490 379696
491 379206
492 378715
493 378223
494 377730
495 377236
496 376741
497 376245
498 375748
499 375250
500 374751
501 374251
502 373750
503 373248
504 372745
505 372241
506 371736
507 371230
508 370723
509 370215
510 369706
511 369196
512 368685
513 368173
514 367660
515 367146
516 366631
517 366115
518 365598
519 365080
520 364561
521 364041
522 363520
523 362998
524 362475
525 361951
526 361426
527 360900
528 360373
529 359845
530 359316
531 358786
532 358255
533 357723
534 357190
535 356656
536 356121
537 355585
538 355048
539 354510
540 353971
541 353431
542 352890
543 352348
544 351805
545 351261
546 350716
547 350170
548 349623
549 349075
550 348526
551 347976
552 347425
553 346873
554 346320
555 345766
556 345211
557 344655
558 344098
559 343540
560 342981
561 342421
562 341860
563 341298
564 340735
565 340171
566 339606
567 339040
568 338473
569 337905
570 337336
571 336766
572 336195
573 335623
574 335050
575 334476
576 333901
577 333325
578 332748
579 332170
580 331591
581 331011
582 330430
583 329848
584 329265
585 328681
586 328096
587 327510
588 326923
589 326335
590 325746
591 325156
592 324565
593 323973
594 323380
595 322786
596 322191
597 321595
598 320998
599 320400
600 319801
601 319201
602 318600
603 317998
604 317395
605 316791
606 316186
607 315580
608 314973
609 314365
610 313756
611 313146
612 312535
613 311923
614 311310
615 310696
616 310081
617 309465
618 308848
619 308230
620 307611
621 306991
622 306370
623 305748
624 305125
625 304501
626 303876
627 303250
628 302623
629 301995
630 301366
631 300736
632 300105
633 299473
634 298840
635 298206
636 297571
637 296935
638 296298
639 295660
640 295021
641 294381
642 293740
643 293098
644 292455
645 291811
646 291166
647 290520
648 289873
649 289225
650 288576
651 287926
652 287275
653 286623
654 285970
655 285316
656 284661
657 284005
658 283348
659 282690
660 282031
661 281371
662 280710
663 280048
664 279385
665 278721
666 278056
667 277390
668 276723
669 276055
670 275386
671 274716
672 274045
673 273373
674 272700
675 272026
676 271351
677 270675
678 269998
679 269320
680 268641
681 267961
682 267280
683 266598
684 265915
685 265231
686 264546
687 263860
688 263173
689 262485
690 261796
691 261106
692 260415
693 259723
694 259030
695 258336
696 257641
697 256945
698 256248
699 255550
700 254851
701 254151
702 253450
703 252748
704 252045
705 251341
706 250636
707 249930
708 249223
709 248515
710 247806
711 247096
712 246385
713 245673
714 244960
715 244246
716 243531
717 242815
718 242098
719 241380
720 240661
721 239941
722 239220
723 238498
724 237775
725 237051
726 236326
727 235600
728 234873
729 234145
730 233416
731 232686
732 231955
733 231223
734 230490
735 229756
736 229021
737 228285
738 227548
739 226810
740 226071
741 225331
742 224590
743 223848
744 223105
745 222361
746 221616
747 220870
748 220123
749 219375
750 218626
751 217876
752 217125
753 216373
754 215620
755 214866
756 214111
757 213355
758 212598
759 211840
760 211081
761 210321
762 209560
763 208798
764 208035
765 207271
766 206506
767 205740
768 204973
769 204205
770 203436
771 202666
772 201895
773 201123
774 200350
775 199576
776 198801
777 198025
778 197248
779 196470
780 195691
781 194911
782 194130
783 193348
784 192565
785 191781
786 190996
787 190210
788 189423
789 188635
790 187846
791 187056
792 186265
793 185473
794 184680
795 183886
796 183091
797 182295
798 181498
799 180700
800 179901
801 179101
802 178300
803 177498
804 176695
805 175891
806 175086
807 174280
808 173473
809 172665
810 171856
811 171046
812 170235
813 169423
814 168610
815 167796
816 166981
817 166165
818 165348
819 164530
820 163711
821 162891
822 162070
823 161248
824 160425
825 159601
826 158776
827 157950
828 157123
829 156295
830 155466
831 154636
832 153805
833 152973
834 152140
835 151306
836 150471
837 149635
838 148798
839 147960
840 147121
841 146281
842 145440
843 144598
844 143755
845 142911
846 142066
847 141220
848 140373
849 139525
850 138676
851 137826
852 136975
853 136123
854 135270
855 134416
856 133561
857 132705
858 131848
859 130990
860 130131
861 129271
862 128410
863 127548
864 126685
865 125821
866 124956
867 124090
868 123223
869 122355
870 121486
871 120616
872 119745
873 118873
874 118000
875 117126
876 116251
877 115375
878 114498
879 113620
880 112741
881 111861
882 110980
883 110098
884 109215
885 108331
886 107446
887 106560
888 105673
889 104785
890 103896
891 103006
892 102115
893 101223
894 100330
895 99436
896 98541
897 97645
898 96748
899 95850
900 94951
901 94051
902 93150
903 92248
904 91345
905 90441
906 89536
907 88630
908 87723
909 86815
910 85906
911 84996
912 84085
913 83173
914 82260
915 81346
916 80431
917 79515
918 78598
919 77680
920 76761
921 75841
922 74920
923 73998
924 73075
925 72151
926 71226
927 70300
928 69373
929 68445
930 67516
931 66586
932 65655
933 64723
934 63790
935 62856
936 61921
937 60985
938 60048
939 59110
940 58171
941 57231
942 56290
943 55348
944 54405
945 53461
946 52516
947 51570
948 50623
949 49675
950 48726
951 47776
952 46825
953 45873
954 44920
955 43966
956 43011
957 42055
958 41098
959 40140
960 39181
961 38221
962 37260
963 36298
964 35335
965 34371
966 33406
967 32440
968 31473
969 30505
970 29536
971 28566
972 27595
973 26623
974 25650
975 24676
976 23701
977 22725
978 21748
979 20770
980 19791
981 18811
982 17830
983 16848
984 15865
985 14881
986 13896
987 12910
988 11923
989 10935
990 9946
991 8956
992 7965
993 6973
994 5980
995 4986
996 3991
997 2995
998 1998
999 1000
1000 1
