998 998.0
1 500000
2 0
3 500003
4 500006
5 0
6 500015
7 500021
8 0
9 500036
10 500045
11 0
12 500066
13 500078
14 0
15 500105
16 500120
17 0
18 500153
19 500171
20 0
21 500210
22 500231
23 0
24 500276
25 500300
26 0
27 500351
28 500378
29 0
30 500435
31 500465
32 0
33 500528
34 500561
35 0
36 500630
37 500666
38 0
39 500741
40 500780
41 0
42 500861
43 500903
44 0
45 500990
46 501035
47 0
48 501128
49 501176
50 0
51 501275
52 501326
53 0
54 501431
55 501485
56 0
57 501596
58 501653
59 0
60 501770
61 501830
62 0
63 501953
64 502016
65 0
66 502145
67 502211
68 0
69 502346
70 502415
71 0
72 502556
73 502628
74 0
75 502775
76 502850
77 0
78 503003
79 503081
80 0
81 503240
82 503321
83 0
84 503486
85 503570
86 0
87 503741
88 503828
89 0
90 504005
91 504095
92 0
93 504278
94 504371
95 0
96 504560
97 504656
98 0
99 504851
100 504950
101 0
102 505151
103 505253
104 0
105 505460
106 505565
107 0
108 505778
109 505886
110 0
111 506105
112 506216
113 0
114 506441
115 506555
116 0
117 506786
118 506903
119 0
120 507140
121 507260
122 0
123 507503
124 507626
125 0
126 507875
127 508001
128 0
129 508256
130 508385
131 0
132 508646
133 508778
134 0
135 509045
136 509180
137 0
138 509453
139 509591
140 0
141 509870
142 510011
143 0
144 510296
145 510440
146 0
147 510731
148 510878
149 0
150 511175
151 511325
152 0
153 511628
154 511781
155 0
156 512090
157 512246
158 0
159 512561
160 512720
161 0
162 513041
163 513203
164 0
165 513530
166 513695
167 0
168 514028
169 514196
170 0
171 514535
172 514706
173 0
174 515051
175 515225
176 0
177 515576
178 515753
179 0
180 516110
181 516290
182 0
183 516653
184 516836
185 0
186 517205
187 517391
188 0
189 517766
190 517955
191 0
192 518336
193 518528
194 0
195 518915
196 519110
197 0
198 519503
199 519701
200 0
201 520100
202 520301
203 0
204 520706
205 520910
206 0
207 521321
208 521528
209 0
210 521945
211 522155
212 0
213 522578
214 522791
215 0
216 523220
217 523436
218 0
219 523871
220 524090
221 0
222 524531
223 524753
224 0
225 525200
226 525425
227 0
228 525878
229 526106
230 0
231 526565
232 526796
233 0
234 527261
235 527495
236 0
237 527966
238 528203
239 0
240 528680
241 528920
242 0
243 529403
244 529646
245 0
246 530135
247 530381
248 0
249 530876
250 531125
251 0
252 531626
253 531878
254 0
255 532385
256 532640
257 0
258 533153
259 533411
260 0
261 533930
262 534191
263 0
264 534716
265 534980
266 0
267 535511
268 535778
269 0
270 536315
271 536585
272 0
273 537128
274 537401
275 0
276 537950
277 538226
278 0
279 538781
280 539060
281 0
282 539621
283 539903
284 0
285 540470
286 540755
287 0
288 541328
289 541616
290 0
291 542195
292 542486
293 0
294 543071
295 543365
296 0
297 543956
298 544253
299 0
300 544850
301 545150
302 0
303 545753
304 546056
305 0
306 546665
307 546971
308 0
309 547586
310 547895
311 0
312 548516
313 548828
314 0
315 549455
316 549770
317 0
318 550403
319 550721
320 0
321 551360
322 551681
323 0
324 552326
325 552650
326 0
327 553301
328 553628
329 0
330 554285
331 554615
332 0
333 555278
334 555611
335 0
336 556280
337 556616
338 0
339 557291
340 557630
341 0
342 558311
343 558653
344 0
345 559340
346 559685
347 0
348 560378
349 560726
350 0
351 561425
352 561776
353 0
354 562481
355 562835
356 0
357 563546
358 563903
359 0
360 564620
361 564980
362 0
363 565703
364 566066
365 0
366 566795
367 567161
368 0
369 567896
370 568265
371 0
372 569006
373 569378
374 0
375 570125
376 570500
377 0
378 571253
379 571631
380 0
381 572390
382 572771
383 0
384 573536
385 573920
386 0
387 574691
388 575078
389 0
390 575855
391 576245
392 0
393 577028
394 577421
395 0
396 578210
397 578606
398 0
399 579401
400 579800
401 0
402 580601
403 581003
404 0
405 581810
406 582215
407 0
408 583028
409 583436
410 0
411 584255
412 584666
413 0
414 585491
415 585905
416 0
417 586736
418 587153
419 0
420 587990
421 588410
422 0
423 589253
424 589676
425 0
426 590525
427 590951
428 0
429 591806
430 592235
431 0
432 593096
433 593528
434 0
435 594395
436 594830
437 0
438 595703
439 596141
440 0
441 597020
442 597461
443 0
444 598346
445 598790
446 0
447 599681
448 600128
449 0
450 601025
451 601475
452 0
453 602378
454 602831
455 0
456 603740
457 604196
458 0
459 605111
460 605570
461 0
462 606491
463 606953
464 0
465 607880
466 608345
467 0
468 609278
469 609746
470 0
471 610685
472 611156
473 0
474 612101
475 612575
476 0
477 613526
478 614003
479 0
480 614960
481 615440
482 0
483 616403
484 616886
485 0
486 617855
487 618341
488 0
489 619316
490 619805
491 0
492 620786
493 621278
494 0
495 622265
496 622760
497 0
498 623753
499 624251
500 0
501 625250
502 625751
503 0
504 626756
505 627260
506 0
507 628271
508 628778
509 0
510 629795
511 630305
512 0
513 631328
514 631841
515 0
516 632870
517 633386
518 0
519 634421
520 634940
521 0
522 635981
523 636503
524 0
525 637550
526 638075
527 0
528 639128
529 639656
530 0
531 640715
532 641246
533 0
534 642311
535 642845
536 0
537 643916
538 644453
539 0
540 645530
541 646070
542 0
543 647153
544 647696
545 0
546 648785
547 649331
548 0
549 650426
550 650975
551 0
552 652076
553 652628
554 0
555 653735
556 654290
557 0
558 655403
559 655961
560 0
561 657080
562 657641
563 0
564 658766
565 659330
566 0
567 660461
568 661028
569 0
570 662165
571 662735
572 0
573 663878
574 664451
575 0
576 665600
577 666176
578 0
579 667331
580 667910
581 0
582 669071
583 669653
584 0
585 670820
586 671405
587 0
588 672578
589 673166
590 0
591 674345
592 674936
593 0
594 676121
595 676715
596 0
597 677906
598 678503
599 0
600 679700
601 680300
602 0
603 681503
604 682106
605 0
606 683315
607 683921
608 0
609 685136
610 685745
611 0
612 686966
613 687578
614 0
615 688805
616 689420
617 0
618 690653
619 691271
620 0
621 692510
622 693131
623 0
624 694376
625 695000
626 0
627 696251
628 696878
629 0
630 698135
631 698765
632 0
633 700028
634 700661
635 0
636 701930
637 702566
638 0
639 703841
640 704480
641 0
642 705761
643 706403
644 0
645 707690
646 708335
647 0
648 709628
649 710276
650 0
651 711575
652 712226
653 0
654 713531
655 714185
656 0
657 715496
658 716153
659 0
660 717470
661 718130
662 0
663 719453
664 720116
665 0
666 721445
667 722111
668 0
669 723446
670 724115
671 0
672 725456
673 726128
674 0
675 727475
676 728150
677 0
678 729503
679 730181
680 0
681 731540
682 732221
683 0
684 733586
685 734270
686 0
687 735641
688 736328
689 0
690 737705
691 738395
692 0
693 739778
694 740471
695 0
696 741860
697 742556
698 0
699 743951
700 744650
701 0
702 746051
703 746753
704 0
705 748160
706 748865
707 0
708 750278
709 750986
710 0
711 752405
712 753116
713 0
714 754541
715 755255
716 0
717 756686
718 757403
719 0
720 758840
721 759560
722 0
723 761003
724 761726
725 0
726 763175
727 763901
728 0
729 765356
730 766085
731 0
732 767546
733 768278
734 0
735 769745
736 770480
737 0
738 771953
739 772691
740 0
741 774170
742 774911
743 0
744 776396
745 777140
746 0
747 778631
748 779378
749 0
750 780875
751 781625
752 0
753 783128
754 783881
755 0
756 785390
757 786146
758 0
759 787661
760 788420
761 0
762 789941
763 790703
764 0
765 792230
766 792995
767 0
768 794528
769 795296
770 0
771 796835
772 797606
773 0
774 799151
775 799925
776 0
777 801476
778 802253
779 0
780 803810
781 804590
782 0
783 806153
784 806936
785 0
786 808505
787 809291
788 0
789 810866
790 811655
791 0
792 813236
793 814028
794 0
795 815615
796 816410
797 0
798 818003
799 818801
800 0
801 820400
802 821201
803 0
804 822806
805 823610
806 0
807 825221
808 826028
809 0
810 827645
811 828455
812 0
813 830078
814 830891
815 0
816 832520
817 833336
818 0
819 834971
820 835790
821 0
822 837431
823 838253
824 0
825 839900
826 840725
827 0
828 842378
829 843206
830 0
831 844865
832 845696
833 0
834 847361
835 848195
836 0
837 849866
838 850703
839 0
840 852380
841 853220
842 0
843 854903
844 855746
845 0
846 857435
847 858281
848 0
849 859976
850 860825
851 0
852 862526
853 863378
854 0
855 865085
856 865940
857 0
858 867653
859 868511
860 0
861 870230
862 871091
863 0
864 872816
865 873680
866 0
867 875411
868 876278
869 0
870 878015
871 878885
872 0
873 880628
874 881501
875 0
876 883250
877 884126
878 0
879 885881
880 886760
881 0
882 888521
883 889403
884 0
885 891170
886 892055
887 0
888 893828
889 894716
890 0
891 896495
892 897386
893 0
894 899171
895 900065
896 0
897 901856
898 902753
899 0
900 904550
901 905450
902 0
903 907253
904 908156
905 0
906 909965
907 910871
908 0
909 912686
910 913595
911 0
912 915416
913 916328
914 0
915 918155
916 919070
917 0
918 920903
919 921821
920 0
921 923660
922 924581
923 0
924 926426
925 927350
926 0
927 929201
928 930128
929 0
930 931985
931 932915
932 0
933 934778
934 935711
935 0
936 937580
937 938516
938 0
939 940391
940 941330
941 0
942 943211
943 944153
944 0
945 946040
946 946985
947 0
948 948878
949 949826
950 0
951 951725
952 952676
953 0
954 954581
955 955535
956 0
957 957446
958 958403
959 0
960 960320
961 961280
962 0
963 963203
964 964166
965 0
966 966095
967 967061
968 0
969 968996
970 969965
971 0
972 971906
973 972878
974 0
975 974825
976 975800
977 0
978 977753
979 978731
980 0
981 980690
982 981671
983 0
984 983636
985 984620
986 0
987 986591
988 987578
989 0
990 989555
991 990545
992 0
993 992528
994 993521
995 0
996 995510
997 996506
998 997503
