1000 50.0
226 272
364 165
373 438
512 676
703 877
992 919
1074 549
1203 44
1339 560
1430 8
1758 704
1777 17
2045 417
2197 719
2331 727
2452 218
2634 547
2730 343
2829 28
3248 880
3418 506
3569 258
3704 197
3847 408
3862 235
4281 571
4298 257
4318 596
4503 860
4630 834
4666 828
4750 777
4787 270
4820 714
4827 930
4946 627
4953 490
5014 920
5043 479
5064 414
5187 418
5319 603
5402 476
5457 549
5666 815
5709 369
5790 378
5825 815
5840 171
5895 407
5994 412
6112 916
6138 875
6266 38
6518 426
6750 509
6797 685
6899 622
6995 734
7036 459
7047 991
7190 665
7463 547
7550 942
7618 6
7763 894
7771 18
7781 245
8239 498
8266 972
8347 710
8405 592
8773 494
8779 959
8785 454
8928 985
8966 601
9028 865
9054 807
9066 957
9089 249
9091 333
9167 423
9230 658
9342 863
9513 905
9553 823
9575 666
9594 635
9816 872
9868 835
10064 774
10193 337
10319 812
10369 505
10444 763
10523 511
10741 561
10810 67
10840 525
10896 692
10902 637
10942 171
10947 139
11016 491
11053 232
11238 268
11284 251
11459 249
11515 919
11890 139
11931 961
11957 313
11971 158
12047 168
12107 729
12184 47
12242 440
12509 708
12747 784
12959 570
12982 635
13022 240
13031 325
13099 156
13268 909
13312 108
13378 581
13391 551
13450 31
13452 175
13463 719
13550 102
13570 64
13578 937
13581 530
13868 474
14112 866
14194 543
14237 638
14487 664
14494 106
14588 183
14617 674
14626 105
14790 342
14798 471
14834 583
14945 339
14987 534
14993 344
15305 444
15341 418
15414 88
15420 832
15464 670
15630 387
15645 646
15824 480
15890 311
15891 158
15922 337
15930 331
16111 915
16351 853
16518 730
16699 510
16702 676
16828 772
17205 139
17377 767
17454 776
17635 98
17842 546
17970 571
18055 545
18205 818
18457 871
18554 856
18581 705
18650 839
19084 599
19111 289
19175 479
19272 116
19273 980
19303 627
19376 433
19460 746
19525 529
19538 980
19611 415
19661 496
19736 680
19869 189
19885 949
19983 375
20004 150
20051 1
20097 423
20100 499
20105 948
20276 596
20478 155
20484 219
20699 214
20758 801
20792 382
20868 745
20994 253
20995 68
21026 360
21149 216
21206 304
21806 250
22000 616
22274 84
22323 643
22375 555
22461 870
22487 760
22593 974
22729 267
22886 432
23059 545
23079 802
23142 299
23272 118
23282 285
23351 957
23364 844
23379 735
23495 956
23546 237
23706 336
23761 958
23775 997
23935 588
24073 40
24111 139
24368 498
24511 283
24627 68
24918 372
25099 390
25627 988
25647 763
25754 175
25812 680
25850 228
25885 722
26090 437
26135 678
26237 459
26239 730
26250 871
26322 573
26544 374
26621 376
26722 717
26739 221
26832 621
26856 997
26904 587
26912 727
26966 965
27297 446
27305 657
27410 671
27432 439
27475 202
27522 600
27613 972
27842 441
27979 830
28099 747
28107 676
28222 756
28237 719
28395 92
28463 845
28538 465
28541 989
28607 575
28625 7
28639 709
28711 778
28854 490
28932 674
28963 482
29473 986
29534 193
29622 533
29683 661
30069 363
30075 919
30242 415
30409 473
30439 369
30572 426
30588 199
30633 676
30891 210
31008 775
31464 853
31581 685
31660 756
31714 374
31938 427
32090 460
32092 753
32306 509
32360 244
32730 910
32850 513
33047 975
33154 777
33444 935
33496 610
33594 457
33930 269
33964 887
33968 607
34300 720
34373 51
34486 133
34640 427
34673 831
34694 513
34734 304
34748 985
34987 804
35055 481
35062 116
35116 973
35188 867
35433 119
35771 652
35813 275
35982 869
35984 460
36002 570
36017 891
36143 274
36163 462
36193 756
36238 516
36438 223
36604 98
36676 314
36685 772
36877 79
37121 146
37151 506
37173 873
37211 56
37301 814
37338 288
37397 671
37614 236
37651 311
37690 416
37773 309
37810 936
38206 702
38401 306
38467 197
38483 666
38727 447
38750 102
38851 436
39353 721
39476 342
39585 205
39629 479
39729 203
39902 46
40077 689
40129 879
40206 145
40210 787
40263 462
40386 318
40509 536
40844 293
40851 383
40895 310
41205 888
41208 519
41258 145
41314 592
41370 674
41433 565
41471 275
41485 855
41546 856
41627 974
42081 842
42189 882
42214 165
42277 584
42465 171
42512 430
42514 670
42656 999
42666 598
42733 244
42784 859
42795 591
42818 746
42884 117
42922 740
43173 174
43480 740
43490 622
43510 551
43520 734
43604 401
43733 246
43786 330
43791 721
43821 648
43914 706
43923 292
44026 36
44439 879
44449 966
44638 297
44675 80
44733 866
44860 820
44862 575
44910 379
45080 325
45152 553
45187 847
45479 450
45596 415
45732 333
45751 36
45948 74
46240 970
46273 181
46315 923
46442 961
46449 969
46488 849
46536 408
46804 159
46859 82
46932 972
47062 880
47726 634
47894 338
48079 379
48102 413
48134 787
48196 411
48291 946
48345 642
48349 427
48571 273
48593 130
48630 515
48740 555
48890 51
48948 114
48989 346
49052 773
49149 740
49154 609
49228 730
49261 60
49324 158
49378 699
49604 590
49654 584
49803 815
49960 355
49969 204
50250 667
50322 448
50376 963
50527 203
50584 985
50591 360
50609 331
50657 577
50786 86
50859 172
50901 946
50907 516
50988 310
51032 1
51034 413
51167 36
51207 944
51240 45
51372 831
51497 420
51678 969
51686 986
51767 986
51845 658
51974 281
52019 60
52072 706
52084 840
52091 689
52118 667
52182 309
52216 732
52723 121
52983 988
53106 802
53135 570
53292 828
53406 571
53595 572
53642 668
53646 336
53907 771
53913 276
53992 357
54000 911
54059 637
54265 106
54306 394
54449 39
54498 538
54527 25
54608 537
54911 462
54919 53
55069 711
55084 102
55119 806
55152 389
55160 376
55348 404
55360 84
55370 199
55374 43
55429 414
55479 669
55539 927
55689 931
55728 201
55875 914
55910 550
55968 46
56025 813
56034 624
56313 375
56589 230
56613 961
56617 127
56784 450
56899 151
56900 887
57001 192
57130 441
57317 605
57352 561
57687 398
57755 846
57767 285
58029 632
58128 345
58168 669
58195 596
58213 587
58224 707
58264 518
58292 567
58337 996
58348 814
58359 535
58402 622
58453 564
58496 165
58784 317
58794 553
58838 535
58944 3
58995 123
59011 112
59031 408
59336 697
59408 254
59491 842
59497 984
59519 252
60040 587
60042 666
60121 953
60159 2
60292 48
60526 521
60540 408
60543 200
60572 501
60764 622
60822 915
60958 795
60968 648
61006 364
61187 448
61230 721
61261 790
61345 222
61372 145
61544 71
61594 263
61606 897
61651 802
61701 632
61774 56
61952 858
61965 381
62055 57
62144 132
62263 453
62413 48
62423 210
62462 342
63012 854
63276 441
63277 324
63348 646
63552 747
63835 868
64186 919
64282 869
64814 880
64856 358
65222 171
65571 62
65727 918
66069 487
66080 818
66085 497
66119 836
66183 523
66229 819
66345 933
66501 657
66734 717
66786 522
66842 631
66850 272
66921 141
66987 421
66996 28
67120 725
67122 52
67252 840
67279 425
67422 815
67517 799
67593 275
67719 565
67772 822
67948 311
67970 257
68085 125
68116 149
68229 742
68290 764
68300 80
68327 317
68331 68
68465 509
68524 560
68619 806
68672 190
68692 769
68696 665
68813 255
68882 499
68902 749
68910 665
69025 705
69278 77
69886 377
70012 355
70169 4
70209 790
70346 298
70397 432
70410 553
70657 322
70712 242
70722 853
70800 243
70827 470
70848 545
70948 727
71053 475
71079 290
71082 404
71183 156
71233 570
71324 592
71356 996
71401 269
71414 757
71449 144
71560 45
71567 979
71720 861
71726 583
71752 708
71847 280
72094 604
72166 459
72459 267
72468 893
72482 185
72485 146
72519 782
72735 940
72806 763
72830 88
73033 157
73039 644
73134 8
73377 52
73561 867
73685 505
73708 517
73859 478
74045 414
74052 316
74079 411
74155 147
74157 418
74394 4
74556 6
74708 31
74789 845
74928 374
75203 781
75206 565
75266 149
75331 374
75350 456
75360 622
75638 953
75758 777
75879 464
75888 294
76058 785
76115 259
76123 771
76138 224
76184 911
76256 293
76315 706
76387 555
76498 381
76551 748
76751 779
77030 436
77212 340
77243 330
77412 598
77481 113
77512 228
77543 690
77567 503
77954 998
78004 24
78010 306
78114 766
78157 385
78349 593
78356 59
78405 226
78409 647
78410 803
78427 324
78599 579
78672 652
79001 698
79075 968
79128 951
79282 563
79354 251
79480 586
79722 591
79784 980
79790 375
79839 792
79954 351
79966 28
80007 536
80067 581
80196 543
80616 25
80628 453
80730 752
80935 856
81088 442
81098 436
81414 427
81478 631
81556 36
81723 794
81742 310
81765 336
81829 699
81832 312
81883 202
81897 49
82224 729
82233 376
82335 938
82482 449
82508 114
82534 211
82591 484
82603 409
82609 806
82767 816
82876 367
82945 499
83046 624
83062 400
83079 508
83348 223
83358 166
83362 680
83611 32
83651 934
83679 967
83748 496
83910 428
83917 953
83945 119
84008 218
84375 793
84487 95
84663 968
84687 784
84698 733
85026 328
85039 959
85066 370
85161 751
85384 918
85455 802
85569 19
85629 474
85698 836
85766 879
85814 920
85836 261
85885 852
85886 873
85917 673
85965 268
85992 226
86035 134
86090 248
86358 17
86493 562
86705 144
87123 498
87231 51
87262 619
87334 741
87356 133
87514 383
87587 866
87635 559
87681 722
87707 516
87715 476
87866 150
87870 974
87881 782
87945 694
88172 109
88334 763
88565 869
88589 0
88708 821
88860 722
88935 797
88973 427
88991 476
89032 957
89039 386
89072 964
89248 85
89295 483
89352 748
89455 427
89460 826
89479 231
89585 195
89628 917
89637 899
89658 508
89672 999
89771 877
89889 960
89909 568
90122 843
90455 321
90474 108
90480 194
90496 142
90560 455
90668 478
90833 134
90913 70
91011 288
91074 378
91206 964
91515 858
91674 800
91845 581
91865 765
92046 658
92057 947
92070 702
92129 218
92215 138
92227 167
92723 302
92737 885
92870 641
93052 96
93121 833
93150 41
93271 250
93312 456
93538 87
93570 51
93650 316
93662 693
93751 87
93855 750
93871 338
94011 201
94455 725
94521 139
94603 719
94655 762
94693 355
94708 459
94744 119
94757 419
95001 289
95087 877
95273 324
95388 31
95432 772
95482 933
95544 296
95672 477
95677 495
95738 873
95828 57
95882 449
95923 416
95972 408
96077 103
96138 166
96195 527
96380 21
96421 176
96861 253
96913 803
97221 778
97234 161
97281 85
97303 537
97693 692
97979 59
98030 918
98309 501
98334 793
98479 850
98491 554
98696 770
98864 268
98883 497
98927 830
98967 379
99012 861
99261 398
99449 659
99483 847
99605 546
99651 162
99779 460
99911 646
