1000 12.54
218 1077
483 1247
813 2953
874 1466
1012 486
1063 3754
1088 2695
1101 2395
1131 692
1260 1796
1312 2437
1354 3265
1398 3041
1423 395
1643 3598
1698 2871
2229 1786
2242 3373
2430 3208
2438 1664
2556 1522
2691 3889
2715 1147
2818 3743
2847 1481
3133 445
3191 433
3223 1342
3231 1120
3338 943
3373 2851
3572 1334
3678 3626
3688 3841
3692 1051
3737 3185
3881 3146
3898 1962
3996 1953
4049 1394
4061 16
4269 489
4287 348
4493 1639
4829 29
4971 647
5138 936
5245 1794
5257 3820
5431 2043
5572 2782
5579 2200
5615 3535
5679 3515
5699 3752
5890 3302
5902 1608
6017 3625
6028 2851
6453 3134
6610 2680
6730 1583
6749 2834
6789 275
6823 379
6848 3646
6936 3639
7396 3959
7427 643
7548 2489
7580 1824
7697 688
7705 2816
7710 3050
7967 3462
8177 3384
8187 1839
8392 1279
8433 2256
8641 1220
8805 3942
8841 2980
9052 967
9253 192
9328 9
9402 3577
9410 803
9524 1291
9567 2021
9656 1607
9740 2296
9779 1281
10184 3099
10221 2922
10362 712
10469 3775
10588 554
10755 3290
10794 271
10834 1694
10957 536
11029 323
11042 2552
11138 1347
11426 1561
11449 24
11454 1304
11493 1893
11601 1129
11659 1455
11866 310
11874 1269
11884 1384
11924 1407
12172 84
12209 442
12313 1378
12322 1735
12697 967
12862 1090
12883 798
13259 244
13412 1696
13413 552
13449 846
13504 3801
13935 3198
14081 2941
14174 2530
14196 3333
14232 40
14372 3024
14749 3518
14833 928
14920 1187
15028 445
15048 210
15212 3258
15317 2803
15480 2667
15631 2961
15947 2898
15968 587
15992 88
16019 3242
16050 1511
16150 2192
16163 3507
16347 360
16494 1506
16495 861
16509 705
16596 3963
16624 1779
16948 2550
17266 480
17361 372
17577 3462
17628 331
17665 3777
17703 3073
17814 2292
17917 1442
17993 3438
18137 1957
18260 757
18330 561
18440 2568
18443 729
18523 2949
18587 2036
18592 1381
18628 1750
18637 413
18690 761
18887 3025
18948 616
19045 1249
19150 1821
19171 3092
19227 464
19424 3759
19480 253
19703 115
19783 1939
19858 235
20224 209
20290 2103
20323 3007
20371 985
20450 3144
20774 1296
20869 2889
21092 52
21253 3897
21268 1274
21279 678
21363 2237
21398 1727
21421 2570
21433 1699
21454 3537
21494 296
21886 1344
21962 3521
21971 509
21992 166
22108 1992
22136 3464
22206 2767
22259 409
22307 3638
22328 245
22418 1933
22441 3659
22491 2625
22652 3947
22676 1729
22991 3187
23027 3359
23042 2375
23044 1268
23206 2655
23337 2165
23480 1973
23497 2039
23510 3494
23515 1752
23532 2368
23555 996
23842 2242
23947 1950
23968 1659
23991 541
24125 2573
24295 805
24603 2402
24726 30
24764 3851
24803 1906
24910 3165
25040 3981
25148 1351
25239 701
25528 2949
25613 3986
25722 957
25752 3321
25805 1972
25885 1150
26082 2154
26166 2435
26221 2977
26236 3191
26247 296
26249 848
26265 600
26389 3379
26433 748
26529 3392
26709 2538
26791 90
26795 698
26864 2019
26881 2292
27013 3325
27078 3611
27180 2642
27212 1751
27366 3571
27414 915
27558 2445
27628 2853
27683 1684
27776 2715
27806 1789
27960 670
28058 730
28703 3727
28746 2795
28818 3655
28820 1413
28885 3706
28919 2252
29119 2033
29261 1304
29276 2794
29403 704
29579 3786
29819 1792
29837 719
29876 87
29894 3863
29954 3799
29955 2208
30082 423
30090 3583
30213 3886
30369 1011
30559 3230
30567 2489
30798 1050
31240 3930
31333 2929
31351 1683
31356 2305
31445 1163
31618 1852
31665 1376
31682 2567
32198 3840
32212 1870
32447 1776
32450 2692
32705 271
32751 2847
32787 2555
32797 22
32990 499
33010 2618
33047 2710
33079 2887
33380 2141
33415 3549
33600 482
33606 2195
33805 2048
33965 2217
33987 128
34172 593
34173 3131
34283 801
34429 2181
34497 3667
34843 3755
34844 254
34933 108
35072 3689
35115 3455
35160 506
35257 1770
35480 1573
35630 1792
35783 2549
35885 3864
35906 122
35920 2511
36076 1830
36206 3460
36247 3270
36297 3825
36415 1573
36477 176
36504 720
36575 1432
36626 244
36659 817
36684 3883
36948 1634
37028 427
37046 1103
37067 2742
37358 3793
37409 2612
37438 2255
37560 1146
37590 1547
37996 2284
38184 769
38278 2810
38348 1605
38458 851
38715 1310
38804 1002
38874 444
38911 3784
39082 643
39149 850
39184 2972
39269 2001
39481 2468
39665 1862
40041 3584
40182 3185
40264 3988
40278 3510
40300 788
40424 3128
40611 651
40619 2565
40647 467
40710 2214
40743 242
40768 375
40846 3172
40889 2351
40901 601
40909 1773
40957 3241
40965 3095
41190 3157
41306 1540
41311 1518
41409 500
41501 2067
41645 1570
41685 2454
42069 3404
42239 2253
42249 2033
42265 2498
42414 2738
42507 1775
42631 231
42752 2780
42919 907
42994 592
43069 1089
43253 3321
43300 1983
43565 1832
43577 487
43583 2782
43814 3872
43939 3306
43967 1356
44001 1170
44067 3
44080 839
44135 982
44171 2823
44202 2054
44214 1720
44514 2522
44519 2517
44522 3336
44524 513
44543 354
44577 152
44625 3975
44730 1660
44742 3504
44799 112
44897 2107
45011 3815
45112 2650
45432 1120
45544 1256
45667 944
45847 609
45861 178
45905 41
46290 2532
46364 3937
46510 3416
46530 3646
46566 2917
46614 1827
46630 3099
46648 2465
46706 2501
46917 1952
47027 178
47079 2820
47108 1417
47226 407
47296 2595
47310 3088
47404 42
47477 717
47536 1136
47595 2421
47616 3280
47621 2550
47735 3738
47792 3473
47813 3989
47920 2517
48029 2008
48035 730
48109 551
48121 3339
48189 2007
48274 1532
48296 2307
48632 2433
48662 3278
48746 145
48830 3854
48995 426
49064 3420
49119 1862
49148 1483
49596 1287
49600 3146
49738 3468
49763 3752
49766 1629
49799 912
49927 3729
50020 3815
50022 3250
50341 2321
50407 1716
50416 3524
50467 3126
50508 2899
50540 2782
50888 1287
50918 479
50950 907
50967 1215
50997 1935
51105 555
51154 3803
51217 3409
51332 3176
51346 1620
51479 3376
51494 1231
51601 2571
51662 2937
51811 3606
52068 578
52296 265
52370 2832
52380 3080
52397 935
52447 272
52496 3240
52762 772
52836 3055
53024 584
53033 3147
53048 3533
53127 2388
53197 1715
53330 502
53333 1277
53395 3488
53416 3822
53545 452
53913 2847
54057 2376
54239 3409
54377 3928
54380 395
54395 1099
54456 1790
54742 1968
54850 2262
54898 2768
55092 579
55161 2646
55396 1005
55451 1325
55470 3944
55515 1705
55549 829
55552 3670
55903 3893
55945 2932
55999 1777
56241 711
56381 2804
56468 2784
56515 763
56675 3489
56682 2220
56817 2463
56844 3018
56872 3663
57027 1009
57052 1085
57137 1257
57141 1185
57150 3686
57312 3546
57443 1881
57527 1051
57660 2026
57678 518
57717 1104
57850 607
58140 3576
58155 3613
58162 3542
58304 3370
58339 2156
58674 811
58779 2123
58824 3038
59064 943
59077 808
59379 2484
59636 2545
59720 1328
59729 43
59894 45
60041 2362
60089 3574
60196 3073
60244 2472
60282 2068
60315 3312
60321 2571
60340 2902
60415 482
60900 1882
60912 1874
60995 3209
61248 713
61328 1528
61550 1939
61564 3046
61811 2514
61835 2453
61846 2678
62202 3309
62318 3026
62424 488
62490 1249
62530 2223
62572 3355
62762 566
62795 3345
62916 2066
63017 1749
63048 2959
63232 2943
63247 1657
63382 1696
63536 1996
63563 2359
63569 1507
63618 1329
63634 1502
63645 1891
63749 2905
63939 1262
64158 2682
64192 3663
64233 3057
64261 2511
64427 1425
64451 2513
64544 3585
64546 2141
64687 53
64756 1901
64829 3854
64946 714
65304 2355
65313 2649
65522 1150
65537 1827
65628 110
65652 1408
65671 2184
65720 2100
65740 2989
65824 535
65859 1709
65993 2655
66007 2222
66107 3206
66228 3901
66485 1501
66705 3287
66923 661
67023 590
67129 3965
67308 2767
67373 2538
67417 3023
67524 1304
67525 3214
67598 369
67685 2079
67707 2348
67714 1768
67719 897
68026 572
68129 3680
68199 1239
68215 2935
68285 2416
68342 1133
68421 2081
68518 1667
68711 30
68762 355
68876 3914
68945 919
69106 3350
69149 2286
69172 3545
69256 3615
69309 3454
69354 1747
69441 2787
69484 3942
69619 2039
69828 1048
69863 3024
69956 423
69973 870
70025 3438
70114 2834
70244 1546
70246 1960
70286 1147
70437 3691
70515 1819
70620 1452
70712 2506
70900 2872
70929 900
70975 2120
70990 435
71184 2413
71303 2446
71342 3402
71424 2693
71483 1327
71586 2295
71607 349
71608 654
71639 1827
71836 3525
71864 491
71878 1760
71928 1955
71939 2220
71969 132
72047 3626
72085 2097
72307 547
72313 1922
72598 2031
72717 3555
72764 1735
72824 2337
72916 2615
72989 1572
72997 923
73140 3486
73159 986
73163 3792
73165 929
73307 2985
73391 2287
73620 1905
73661 1230
73836 2989
73978 3798
74028 3810
74218 3567
74461 2489
74620 2978
74737 2771
74765 1665
74820 2991
75134 3377
75263 1082
75525 2351
75648 2761
75649 3205
75652 2384
76043 3911
76111 2102
76925 496
76948 3921
76949 3118
77127 3089
77299 3702
77363 2846
77379 1659
77750 1595
77861 1399
77884 2563
77922 129
78099 3762
78115 3669
78419 2896
78484 847
78512 327
78658 34
78680 1061
78807 364
78834 675
78914 2110
79013 3706
79499 2796
79541 934
79542 3709
79549 2095
79587 2719
79598 3300
79618 416
79649 160
79757 3809
79794 1980
79861 3569
79904 2519
80102 3306
80268 929
80351 3686
80715 2260
80739 3422
80764 1141
80856 2800
80919 2657
80976 3142
81143 2250
81205 93
81334 1117
81402 3225
81404 17
81454 3360
81524 1742
81540 1478
81562 2332
81578 769
81656 2090
81736 44
81811 1388
81819 2843
81846 2081
81878 3675
81885 1293
82066 184
82182 2710
82245 3289
82472 123
82605 3908
82680 1411
82759 3190
82819 2667
82907 1703
83108 1870
83299 2018
83302 81
83483 2450
83510 1881
83516 3800
83632 1776
83634 2139
83808 3579
83916 2992
83981 1030
84009 1568
84189 619
84332 125
84420 2151
84874 1799
85181 3320
85200 2230
85207 2564
85209 1534
85219 3332
85242 3575
85345 1607
85392 2069
85590 3802
85746 1674
85884 2792
85986 3678
86176 535
86186 3717
86273 3382
86308 1492
86406 2242
86427 1386
86544 2558
86609 3655
86620 2661
86680 3382
86695 2096
86775 2420
86820 533
86883 2292
86936 2477
86978 48
87323 1517
87347 2290
87477 883
87575 239
87633 1068
87657 2156
87700 1227
87771 915
87781 441
88023 2488
88078 1148
88106 646
88122 57
88262 1341
88279 204
88307 3154
88312 2153
88559 2373
88769 283
88835 545
88857 1030
88920 1559
89013 88
89028 319
89081 1690
89231 1498
89317 2923
89450 2743
89457 2380
89560 2417
89666 2672
89722 1025
89783 3699
89816 3958
89821 393
89858 3398
89985 2081
89990 901
89994 1030
90039 2954
90153 2455
90239 2160
90283 1902
90323 2663
90438 2577
90452 2109
90454 3278
90491 299
90517 2055
90754 2533
90894 1732
90977 1488
91196 2279
91212 2318
91222 688
91335 3854
91350 3738
91500 1320
91601 1597
91831 210
91895 2042
91927 3179
92365 3442
92539 3124
92575 3413
92600 3642
92926 2766
93078 2901
93098 154
93629 2177
93718 2741
93732 1760
93771 2187
93802 3186
93825 1211
94006 2542
94214 457
94465 42
94801 1461
95122 2306
95142 404
95201 2740
95223 3374
95740 1469
95813 1270
95978 3399
96207 1065
96238 3037
96291 2938
96447 3628
96606 211
96838 1196
97185 3663
97248 2710
97383 929
97452 2298
97641 2887
97873 1396
97874 2256
98111 1219
98173 1717
98423 360
98500 1643
98506 3424
98735 2648
98811 1129
99030 2660
99196 1419
99236 413
99260 1042
99302 324
99565 2280
99582 2147
99671 2025
99784 443
99874 3548
