1000 897.25
646 500000.0
1403 442436
3568 432807
4266 273779
7086 443595
9218 461376
9540 336757
10482 449245
10644 417201
11327 416919
13247 329553
13249 561985
19073 366453
20339 341319
21527 373736
21849 380348
22354 521926
22886 294359
24449 525571
24763 541022
25035 145920
25693 105509
26356 169187
26427 147420
28948 172329
29799 147791
31295 114021
31422 133460
31435 183078
31532 157388
31617 107569
33831 120814
34574 155760
38771 144262
40141 130740
42456 161943
43329 150074
43900 571165
44211 393123
44307 422223
45319 524572
46581 383824
46946 478123
47718 348849
48168 515274
48321 324207
50793 490200
50993 469948
51397 757458
51511 836658
51522 265183
52073 334076
52257 408138
52951 81941
53066 100522
53949 90099
54622 52279
54784 90437
56959 66843
57935 77354
58620 89131
59547 85731
60158 57021
60879 65937
64143 56089
65870 92645
67160 95327
67217 66556
67483 71642
68290 84254
68373 78761
69063 76745
69844 60001
71335 91143
72572 78346
73010 85308
73251 64071
73294 72542
75916 79566
76534 605017
77218 93972
78329 123953
80149 153447
81369 118210
83473 148595
83526 110966
85514 171864
86008 128960
88186 91225
89845 297945
89846 297627
92389 118517
93476 193156
94967 179626
96670 191368
97362 282702
98888 183715
98920 152789
101256 200961
101307 240315
101974 273462
102083 274272
102608 162725
102884 280286
103359 164979
103363 241546
104920 209938
105904 146271
107122 255072
108180 232897
109080 266940
112422 237361
113996 471500
114997 330919
115136 279084
116155 250245
116964 352316
116987 187434
117061 284773
117252 308695
118022 217854
118214 343324
118785 222530
118824 308075
118920 842571
120547 34182
120945 50422
123254 50944
123636 51566
123674 42640
123827 43174
125285 36295
125606 46477
125897 580739
126449 513671
126927 281092
127427 355153
127918 220804
128518 360904
129128 354918
129357 302300
131250 188361
132963 218564
133269 302971
134298 354721
134415 287608
136576 371829
138642 259247
138737 315836
139587 212070
141058 236087
141131 324504
142154 316364
142383 319517
142743 239709
142925 198442
144846 220216
145267 229755
145474 333477
146560 336372
146638 226912
147187 190187
148707 254929
149132 283738
153698 191220
154736 281154
157184 192918
157219 283356
159251 364815
160190 216711
160292 350599
162076 199088
163543 250079
165315 364286
165458 308586
165476 239553
165793 341713
166050 291346
166190 202820
166857 226586
167579 253177
168346 212589
169416 262436
169606 321810
171515 186151
173596 364744
173733 400777
174543 131398
177949 219613
178230 231620
178733 187989
179703 127223
179721 149557
180507 150268
181216 171107
183263 236786
183441 192090
184004 127338
184007 205414
184209 202432
185932 204010
186979 309983
187027 201820
187544 195880
187837 239706
188420 279571
189177 181586
189300 294856
189428 179348
190639 295120
193203 304633
193411 157270
193837 160128
194016 163046
195906 285946
197496 236761
197814 376339
198764 227051
199368 189274
199751 223141
199832 654762
200550 428915
202340 284443
202840 422089
204458 391967
204528 227860
206419 308604
206513 219368
208023 377578
208989 397371
211295 284053
211984 290897
213075 333186
215151 380485
216106 335634
217803 401144
218268 365438
218819 226684
221927 418020
222046 223077
222449 266748
223040 220077
225793 327028
226856 399887
227680 341847
228163 375164
232774 299600
233144 306009
234127 278223
236383 705423
238426 259802
238630 155969
238818 183709
239402 176589
239513 224186
241947 159857
242453 284893
242998 259611
244318 238955
244454 248674
244653 176313
245700 152306
245962 254356
246191 242837
246482 244305
247407 259998
247780 258331
248624 188676
249245 246863
249405 193979
250062 261302
250341 214629
250613 219021
250940 199674
251095 194924
251719 197448
253177 165117
253893 174915
254253 226665
254402 158957
255864 159456
256177 151749
260069 181025
261114 252962
263805 133617
265533 326104
266187 174497
266355 969188
267332 161556
269282 154400
269672 224791
270184 149824
270963 137216
271455 125674
271555 144015
271611 120575
271842 170954
272955 186122
273598 158127
274058 198935
274579 119985
275872 229560
276586 126254
276795 182681
276960 145478
279200 168454
279209 238254
280374 29632
282063 51021
282345 30687
282776 47509
283330 48360
283637 51161
283748 34030
285885 25882
286715 48771
287559 308363
288938 218229
289790 268716
290534 301776
291259 247549
292403 266951
293104 207112
293556 175707
293618 156616
293779 164293
294392 236742
294579 264274
295041 222542
296065 191205
298010 215605
298083 186995
298319 169372
299868 192366
301718 288279
302790 182103
305233 298253
307533 243298
309062 228216
309755 237035
311761 221591
312836 706029
317863 49990
317977 77828
319670 74632
321245 75339
321682 74402
322058 45519
322234 42732
322973 76785
325489 41783
325564 48623
325650 62658
325772 74803
327651 51327
327793 80615
328564 655529
329905 82444
330871 91878
331454 150971
334250 90310
334326 104138
334884 91407
334969 162478
336583 147653
336635 145859
336919 657022
336947 627764
337673 584491
337870 399772
341488 968110
341578 884406
342285 765586
342290 640223
343931 623899
344234 733855
348362 968774
348540 438670
351077 413293
351698 567090
351837 392591
353720 566482
354694 619116
354731 505921
356146 368987
357117 390441
358917 320652
359051 351266
359958 464363
360367 369836
360847 461539
361700 698205
362434 357398
362912 457961
364805 643900
365219 431009
365230 578953
366098 512962
366888 933634
367262 89894
367441 125783
369243 136379
369391 87585
370958 133606
371248 78198
371779 123607
371878 423286
372178 272376
372431 191724
372978 307914
374283 182926
374559 328165
375037 348912
378055 244826
378405 319386
379597 365786
379657 380661
380231 300611
380847 308049
381030 287380
382805 202709
384223 359604
384682 220320
385209 340751
388806 299525
390631 270551
390815 294659
391935 336930
392391 227157
392869 247294
392956 665858
394532 782616
395072 257600
395520 273966
396104 170940
398150 157165
398335 163540
399168 230513
401008 257234
402754 194883
403559 301719
405189 172767
405521 160419
407767 208195
409395 263041
409538 287381
411729 277507
412277 300779
413237 312259
413789 275852
415306 215229
416508 312293
416568 250691
417408 201582
417815 555983
420121 310149
422328 437399
422369 537403
423137 72567
423375 76922
425432 89843
425595 52784
427304 83661
429331 53772
430699 97378
431986 77899
432429 62275
432714 78595
432852 91631
434564 50723
434999 85447
435916 73375
438442 55281
439752 56442
439758 91186
441332 50958
441994 57122
442321 89635
442510 87575
444980 627271
445872 465200
448100 439555
450481 362210
450677 300325
450899 271523
451391 497492
451651 418569
452732 493021
452890 499105
454528 96262
454992 77775
455500 107098
461622 96648
462872 113295
463783 121117
464574 131632
464833 343456
465132 318805
465290 557108
465925 409001
466355 402581
466773 455961
468853 318602
470836 308064
472651 422664
473116 411999
473937 467593
474959 236369
475288 369558
476958 355863
481231 975271
481275 165179
481276 199428
482193 214272
482698 171304
482948 153293
486492 216872
486657 120012
486838 166002
487023 188194
491687 212281
492789 137404
495294 170056
496015 224214
499302 306639
499537 34640
499910 25249
501599 31862
504083 35435
504133 18706
504813 26705
507054 32050
510120 31621
510274 22485
510374 24211
510500 20870
511109 166421
513793 527520
516403 406405
516752 453301
519863 464329
522513 328571
522748 362730
522986 400376
523375 515788
524159 384928
524296 496991
525610 357972
525933 339197
528041 393919
528466 324056
528994 450568
529301 918886
529590 668591
530590 110981
530872 90524
531338 108703
532357 69173
532916 101887
533653 115778
534630 75898
535768 69075
536170 79479
536817 76277
536864 69227
537741 77026
538862 63902
539122 96202
540322 65297
540437 81664
542440 64620
542824 101044
543724 59773
546021 77871
549407 58141
549894 107916
550262 97843
550925 73347
550940 95856
551113 95539
551943 86217
552741 108300
552802 106051
553900 76941
555568 603668
555740 402678
556628 284606
557650 361658
560377 357121
560512 505001
561462 275698
563760 459958
564008 485987
564174 290949
564835 547987
565146 497452
567252 535784
567284 297605
567525 345601
569231 548376
569503 415298
573178 409304
573747 531593
575698 334538
576464 504177
577158 460765
578183 344465
578812 344292
580821 328390
582380 978544
582618 490599
583221 849808
583404 726734
584177 588357
584776 541827
585145 452188
586441 398659
587507 600877
588568 648600
589367 507355
590633 696764
590765 631327
593574 704479
593822 598492
597047 777619
598182 514821
600694 493593
602938 433834
603489 433220
605179 465047
605632 395498
608182 327733
608704 518601
609140 376937
610893 485320
611135 559888
611204 531716
611737 555263
612937 386551
613039 579926
613702 546232
614800 499125
615595 471183
618194 310295
624568 393384
624944 507444
625887 454401
627125 345451
627439 499651
627471 491315
630127 432789
630343 431627
631184 452968
632989 527613
634318 440515
637412 426922
637864 367839
637896 574644
637961 582286
640511 542321
642068 548880
642696 338276
642728 571256
642868 478490
643917 385794
644006 587137
645161 322061
645470 436463
646118 556690
648485 312054
649257 303747
651228 455777
651308 313898
652648 465603
654929 348600
656693 395873
659570 551188
660062 513347
660123 614801
661301 216356
661889 231008
662691 137511
663048 194544
665005 200838
665402 235668
665772 137116
665873 177132
666781 176290
668539 155070
669112 208764
671334 211211
673493 135831
674515 242857
674673 177560
677330 175874
677751 235657
678510 211817
678723 216944
680522 160182
682492 205965
682979 211276
683064 268091
683900 96489
686731 50045
687423 49607
687624 72313
689555 55253
690316 76682
693108 49339
693347 82060
696276 70454
698095 60953
698361 64050
699436 92026
699925 80053
699956 81237
701192 75182
701223 92814
703303 86307
705940 66937
706652 93773
707532 54988
708823 76465
708975 57943
709460 791068
710205 20783
711627 16777
711810 14064
712091 14267
713484 22579
715030 21345
715532 17628
717073 15981
718180 17540
718547 11825
719397 21291
719524 19122
719670 15610
719813 17163
721164 17338
722287 17534
722435 409778
722661 160186
723458 306112
723868 320088
725496 232262
725696 995601
727348 769659
728834 664925
730504 711217
731199 477366
732310 557764
733943 940353
734451 180309
736052 201637
737043 210694
740362 167725
741169 282597
741320 224635
742008 206239
742512 273518
742982 231990
748669 147436
748773 439647
749303 81700
750888 75045
753019 59670
753502 87722
757953 70079
760443 114158
761544 170097
762269 102562
762581 134205
764291 133890
767943 864520
768083 936478
768740 310414
769922 407700
770603 612237
770913 200996
772152 218685
773188 241513
774184 164900
774942 286549
775368 250003
775519 283913
775769 150751
777524 143460
777569 157767
779803 283207
780131 268994
780196 275503
780279 264403
784788 174157
786573 155187
786736 168721
788007 267052
789086 145041
790294 461256
790345 217372
791016 169853
792814 277301
794344 313332
794377 320576
794421 257899
797476 599584
798685 411887
799157 335214
802286 305920
803004 598570
803498 383345
803505 470918
803817 421767
803973 417372
805093 516726
805255 316297
805877 536793
805980 323238
810842 537183
811547 880648
811683 39324
813558 67244
814789 45831
815282 37966
816090 350562
816675 179052
818692 191014
819052 259672
819176 331296
819249 181405
820674 313912
822266 221842
822332 265379
824644 220334
826107 276494
829728 322519
830985 261593
831076 766878
831469 138946
831891 96761
832584 91665
832648 91097
832729 149323
834569 118429
836719 104714
837883 83987
839503 126418
839727 155174
840315 101837
840932 125222
841613 154987
842045 151583
845831 142219
846043 93243
846391 163733
846949 121679
847247 103657
847982 137942
848601 124826
848737 142486
850124 156489
850985 138687
851019 93344
852768 140141
854107 146945
854816 144684
856075 136176
856483 152013
857062 115472
857455 117009
859617 139013
860098 101962
860343 163743
862531 152856
863012 138351
864445 154626
864663 124657
865302 130999
865312 150608
866430 826530
868326 759393
869767 446402
872536 766883
874529 422500
874672 942346
874841 857348
874957 592706
879461 533475
881981 471146
882043 479508
884235 661642
885483 25172
887167 37110
887492 24170
887654 21433
888244 37002
888425 34717
889720 25886
890181 32169
890680 24579
891088 24656
891486 23678
893874 42683
896419 35141
897138 29470
899692 28332
900037 24031
900383 22372
902901 25853
905825 24875
906657 35513
908272 22791
908756 35806
910902 396166
913006 233958
914847 276387
916668 253574
918011 278182
920590 309256
921305 315134
924180 229760
925093 312197
926335 233363
926506 240453
927237 229479
932176 174479
932493 419289
932611 41648
932761 43585
933305 32942
936454 34647
938732 23321
939000 36206
941550 37386
942073 33934
942888 44342
942935 39318
944486 46536
945002 44959
945218 29650
947453 35633
947581 29949
948525 28378
949401 41494
950222 37494
951061 29009
951439 36756
952285 30134
953474 43958
953967 41286
954335 36888
955938 32056
956109 46607
956970 33765
958051 38168
958933 25063
960981 106057
961830 92832
962156 94603
962442 74258
962492 918936
962528 529561
963462 495073
964279 448875
965273 482752
965681 455770
965754 409644
966108 447647
967286 594801
968622 296431
968726 435953
969372 538946
969995 407810
970017 534246
970833 491526
971137 554058
972278 362098
974655 535776
976012 368165
977136 824268
977364 816489
978082 471469
979353 447836
981683 511925
982292 627890
983552 490853
983926 565094
986409 753180
987539 565532
988521 561224
991041 725682
993836 817261
994639 531930
996391 444588
996639 701557
998408 803071
998631 600406
998850 662381
998981 927350
999106 945908
