1000 22.3
782 500000.0
1108 437576
1205 383350
2438 344772
3921 382769
4513 465899
5091 482063
5795 483691
5823 260761
7065 473439
7682 394345
8512 423057
9559 336783
9585 638584
9867 443645
10686 423870
10801 362068
11266 532340
12028 577469
12687 326932
14482 496750
14655 359757
15983 496168
16416 346452
16701 701914
16857 568182
17610 695602
18104 668223
19069 464209
20311 519772
21075 700980
22792 465709
23052 513557
25244 629842
25503 621176
27278 440974
27542 656266
27577 386491
28496 637081
28716 669764
30106 382875
31528 751399
31657 753425
33574 339719
34751 418705
36447 356898
36624 322412
36866 502717
38131 320521
38704 336314
40125 374191
40349 305563
40422 351206
40866 427384
42640 558371
42924 338497
44244 329302
44844 345592
45776 429427
45797 404225
48614 532504
49374 188421
50383 200589
50610 248726
50611 141031
50855 237258
51138 173782
51251 190901
51728 167697
55727 214773
58648 163547
59834 179611
60784 228623
61326 202808
62182 191316
62273 1000000
63281 233385
63680 193933
65078 252513
65158 174971
65435 260889
67191 253626
68343 237455
69097 160670
71492 256992
71752 218667
72365 233618
73023 147627
73370 216509
75598 134263
75791 225566
77896 212433
78270 168160
80177 198996
80277 171692
81017 150979
81182 170363
82503 168208
83219 219139
83404 223462
84892 259155
85459 150299
86250 251077
86388 91910
86528 132361
87306 79937
88161 81546
88190 130644
88553 103675
89691 109009
90898 139698
91483 98220
91866 146010
92475 113265
92679 98429
94899 103800
95255 91814
95320 145659
96640 117841
96780 82250
97601 131282
98479 83352
105104 93308
105632 155144
105751 107989
106838 104016
107353 90327
109871 116615
111376 112814
112863 145580
112901 128878
112932 115195
117362 133895
119973 144226
121149 72978
124054 130971
125842 87929
126313 120315
126457 113483
126615 123784
127009 101265
127578 96034
127610 106629
127848 98049
129005 78545
129187 124766
132549 233036
134590 220295
134870 231737
135370 200881
135690 225373
136091 223270
138719 117261
139020 143656
141000 213358
141475 180294
143357 230450
144412 211387
144792 1000000
144902 167188
148026 435814
148567 357969
151196 319652
151623 281666
151671 397697
151975 266279
152622 244744
153853 306877
154021 269081
155363 282539
155365 310080
156419 364698
157015 337044
157134 356069
158573 224696
160417 220308
161621 221903
162082 410295
163591 332602
167292 253837
168711 221164
170312 337554
170818 386779
171199 308737
171709 307363
172288 258960
174376 271614
174982 294026
175617 346656
175754 429386
177423 293968
181469 349994
182101 421221
183110 393702
185409 393997
186005 367761
186499 1000000
186524 305641
188890 435781
189178 317246
190296 397659
190358 279606
191472 313139
191682 310326
191761 238766
193221 272335
193684 426796
194521 958001
195154 567571
197864 930920
198842 622080
199123 843444
199204 477140
199508 662409
199775 969857
200146 574748
202913 826410
203297 894348
204394 775961
204724 702409
205931 572100
206373 809279
206787 495198
207307 516221
207622 676051
207812 843574
208879 759499
209967 729768
211364 934892
211466 784014
212824 534600
215846 617756
216103 980930
217354 865339
217626 696975
217907 900665
218405 547159
220338 745630
220999 924684
223993 573643
224465 360106
225476 469357
227277 473276
227566 635455
228044 453737
228272 529414
228689 458425
228915 527042
229897 595979
231349 502510
232131 670895
233136 468787
233185 668613
236415 693673
236481 174015
236700 194766
237326 263733
237402 228948
237803 182713
237911 204456
239414 225800
240433 244936
241194 206746
241351 263576
242187 216851
243245 251555
244488 159933
244644 256055
245128 174666
245218 250117
249168 264490
249346 225884
250801 179611
251377 256417
254758 138238
254895 171051
255476 265847
255866 205666
256220 190452
256309 235784
258774 161883
259040 263991
259233 154556
259786 241847
259805 228509
261803 153265
261846 133662
263717 135079
265130 185578
265756 215155
267277 217047
267618 199634
268279 266235
271617 72173
272520 44703
274791 1000000
280659 60191
282044 88803
282108 51115
282314 53511
283257 62678
285946 68290
286514 73414
287225 76910
288274 54734
288430 70301
288889 84147
290095 75083
292298 59112
293385 88612
294279 81186
295201 83042
296386 76947
297423 55645
298813 59598
299202 62103
299528 82732
301811 88193
302419 68877
302589 46189
303376 74288
304309 55469
306547 571481
307800 332137
308426 349551
309812 485474
310453 289217
312170 560623
313322 433693
313826 464365
314277 324805
314512 392754
314600 666314
315593 562740
316392 563690
316678 451691
316870 431683
316963 399386
317374 335911
317603 527522
317853 575722
319140 438106
319840 370421
321703 334008
322855 627981
323119 449154
323286 349002
324717 470109
326851 525463
331153 588745
333650 583582
333903 1000000
333918 568880
337422 656754
337656 431956
338545 562159
338752 531662
339632 485966
340493 622492
340732 471347
340939 461364
343214 559475
343282 371460
344009 659523
345243 640539
345482 516004
346387 394884
350247 903117
350424 562125
350490 762001
351560 699676
352050 1000000
352762 516217
354055 895789
354810 475966
359690 719978
360898 984377
362258 1000000
363415 388875
364683 440439
364730 255997
365332 283655
365672 429290
366561 385907
367936 478299
370181 439556
373945 315209
375185 476824
375992 305267
376074 352627
377457 364014
378077 424215
381429 240829
381899 343329
382437 261287
382866 369317
382894 325734
383342 283352
384289 395504
386717 472987
387562 471336
387698 360585
387753 432109
388244 395923
388489 426710
388773 288645
388980 311310
393956 479225
394487 394478
395238 496489
395643 438898
395692 446763
397782 354826
398152 275817
398299 252057
400961 474089
402137 442895
403306 348923
403785 355714
404829 682854
405136 439590
407843 295584
409822 293824
410196 466373
412149 425736
412362 395801
412522 372689
417417 371779
417568 420824
417661 345312
418920 358695
419706 313139
420105 396120
420115 328629
423813 323197
427157 323886
428466 398946
428871 381949
430819 469530
431458 260337
433714 352986
436912 272157
437065 473711
438526 376315
438694 448170
439189 449339
439554 274526
441447 237316
442438 260820
442482 341954
447099 300728
447481 319870
447604 436214
449663 336250
449877 319206
449948 399696
452343 466206
453649 269081
454079 374238
455128 303552
455362 421630
458289 409634
458505 332245
459206 281284
459213 290955
459461 329182
460175 467782
461654 345152
461860 311551
463220 450678
463703 354530
465227 407357
465404 372469
466770 361444
467193 329001
467431 305403
467934 267334
468244 255891
468260 469195
468542 329291
469016 1000000
469174 267864
469272 409200
471418 347727
471676 406823
471679 269209
472499 244528
475991 340731
477814 466048
478055 292871
478449 324402
478489 400252
478909 453334
479145 1000000
479403 934273
479548 446809
481792 273432
484652 363965
484700 305959
484736 444206
486614 379880
486832 329973
487140 260376
490738 275349
491205 266641
491541 448748
491992 272529
493799 338759
494766 330371
495308 417073
495950 286605
496932 280308
497003 398243
497027 227256
499746 332298
499904 230964
501908 442038
503116 307956
504052 337686
504676 357463
506090 307462
507955 290610
509051 431853
510710 285883
511421 250620
513495 410841
513819 285358
515591 449660
516311 284662
516421 341897
516842 302900
518347 227034
519577 502813
520358 340055
523453 269972
524192 258883
525738 288371
526628 497274
526633 605271
527356 429383
527442 329374
528865 411902
531290 322047
532303 425127
533083 417029
533378 375625
533648 454820
534086 435811
534599 327901
535168 395069
537473 313121
540446 356946
542835 402300
543387 549848
543790 368035
545235 499305
547629 575613
547842 330557
548194 535983
549405 460525
549990 354650
550146 422598
550191 601358
550209 485981
550559 597811
550670 524266
550989 439698
551429 478680
555651 366393
555752 345294
556954 594945
557547 316555
558297 394154
560612 600217
560991 479642
562500 483829
565231 497450
567152 547719
568548 420748
568757 394123
572895 490092
573186 401878
575812 384365
576024 758636
576082 243712
578551 228827
578811 237373
580494 329981
581638 296008
582033 284280
582539 322263
583976 369187
584258 291876
584395 208374
584702 283974
585102 217340
585729 337994
587654 336066
588541 248519
588672 333141
588831 213744
588834 366176
590857 362341
595147 349749
595158 326396
595187 187580
596138 260075
597978 212645
598820 330297
599897 372676
602744 335480
603659 77456
603870 67774
603947 99298
604734 90310
605994 92229
607495 81290
608229 121151
608789 66811
612622 90283
612705 68292
612806 86140
615612 115841
617118 118216
617927 71025
618076 88743
620078 97510
621794 122761
623737 99781
625093 73285
626564 73806
627002 100129
628083 115716
630045 107843
630416 103322
630853 91524
632778 85382
633516 61476
634403 95005
634530 86988
637095 67475
637232 1000000
639178 117245
642095 114356
642142 117106
643192 106566
643523 594170
645718 39129
647023 51514
647068 45448
647770 39064
647965 36621
648051 40090
649021 54403
649794 50802
650861 43298
651369 36596
652123 31546
654212 46702
654766 46151
655510 50161
656071 36191
657509 47829
657543 57101
660259 38045
660570 54703
661131 48131
662360 31512
665299 47724
666453 39705
666561 47957
667335 52406
669772 44064
669860 34586
671225 32312
672492 52005
674081 40985
677453 38669
677582 33017
680758 36593
681273 58475
681349 34147
681739 37059
681754 31940
684996 39936
686886 31577
689336 47711
689922 40396
690332 34441
693402 53794
693890 60070
694841 47675
695151 60089
696547 61748
697455 59887
698413 53591
701794 1000000
702606 35299
702789 39668
703166 59763
703173 33851
703214 39983
703311 45804
703482 50976
703513 41430
703568 33663
704937 55351
704940 50819
705546 56718
707588 44088
707676 54973
709274 33914
710716 38503
712162 40493
713453 55412
713705 52204
714495 50612
714695 48356
717175 58090
717580 43196
717992 31691
718134 60741
719726 45229
720703 32685
721453 373682
721672 336587
722155 235857
722189 367888
722827 240957
723440 342622
723987 216092
724112 226495
724330 346455
725382 199514
726012 272654
726708 209480
726823 230470
729470 262610
730477 199481
730480 199949
730599 224398
732101 217401
732277 262121
732511 199139
732981 166187
736416 214865
736614 219562
736713 205146
737103 209503
737664 275418
738301 215233
738375 141718
739990 207525
740700 194561
742369 150150
744017 191498
746053 202435
747890 197420
749702 155779
750031 191938
753068 149441
753916 181379
754831 183097
755226 272101
756472 216887
757490 272721
757695 215126
758018 1000000
759283 268402
760362 166027
761627 253517
762403 172461
763023 182179
763814 245354
766177 273855
766247 170417
767053 175709
768604 164966
768754 214883
769710 219795
770065 184601
770677 181133
771817 236086
772187 274569
772571 157410
774223 157291
774811 157926
774816 149779
775413 170369
776264 177846
778150 178374
782941 1000000
782976 272398
783104 329868
784069 301707
788511 254109
788986 202931
791955 180634
793528 308777
794637 288159
795656 582387
796171 284326
796268 248772
796715 300783
796924 227666
797412 412270
798133 394004
798758 417430
799314 345842
802757 291114
802872 292322
802952 411385
802988 365208
803162 443360
803337 301969
804116 421392
804396 443751
806190 391179
807554 310020
807594 419124
809164 285690
809699 351269
810542 288524
811197 260699
811283 433486
812454 403821
812756 454069
813617 284590
815460 353362
817295 385861
817925 448427
818477 294640
818485 385054
819101 265549
819498 308453
820309 338729
822447 264454
823890 436417
824550 464329
825096 275060
825466 274733
828712 274595
829491 258336
829620 242874
831843 249898
832457 256979
835607 404837
837440 367211
838090 404692
838302 453853
839823 400818
843018 321838
844659 354175
844842 270481
847254 397717
848045 425780
848698 292213
850455 306174
850956 417140
852012 245429
852164 326970
853914 431654
856022 291684
858519 382835
860231 246518
860963 392073
861758 285936
862269 414016
864875 459540
865208 329132
868447 363422
869494 339550
871421 416765
872689 332923
873253 263756
873406 361128
875812 391019
876575 439751
877215 362807
878674 438010
879955 304563
880772 870436
881212 604944
881738 494924
882221 562298
882703 614031
883741 436461
883783 477834
884026 450243
884320 568431
885090 669872
886780 726481
887238 818784
888724 836331
889720 853417
891203 703523
891396 565179
892248 513343
892823 802083
893720 484470
893736 746096
894740 787568
895231 527088
896041 879785
896255 68858
899092 59246
901880 47434
902475 40751
903801 73113
904446 39833
905291 37534
906535 45621
906861 38534
907370 64062
911247 67847
911357 52751
913942 53777
914302 71718
915631 38076
917772 54289
924023 49700
924133 64763
924532 41439
924614 51351
924634 37988
925979 44233
926525 64609
926687 51689
928356 74150
929355 37796
931096 42119
931704 70384
932616 67496
932858 38543
934081 46206
934315 49316
935229 46637
935548 62315
935695 49287
936581 47103
937714 69022
941742 48834
942175 48083
943942 59970
944798 63364
945336 54110
947055 46996
948140 48217
948828 57489
949150 55781
950811 41569
951375 47619
951569 58925
952265 60869
952680 59099
954943 47830
955910 40312
956222 62291
956687 40565
957504 48651
959467 37380
961525 56432
962285 66938
962543 40959
965098 74758
966586 69649
967099 46701
967375 47786
970024 74272
971503 119770
973124 61684
973928 88629
975502 70264
976478 48454
981502 1000000
981810 66152
983260 52112
983823 50559
985636 93520
985862 87225
985948 73790
987503 93859
987600 56779
988137 59079
989037 36547
990282 52085
990590 43326
990851 65154
993551 62594
994173 42291
994755 53406
995147 62166
995903 45114
997699 52773
997754 63164
997855 65500
998026 38658
998320 50201
999750 42634
999983 65264
