996 897.25
425 500000.0
599 373338
1773 386043
2260 420789
3402 365927
3717 490142
5814 322917
6182 297576
6814 403440
7540 364264
8203 416405
9767 997067
10139 657411
12038 799213
15474 409681
20324 608264
20422 544275
20480 575936
22056 723688
24813 140758
25611 139152
25990 194143
26225 184906
27824 110781
28276 118150
28418 140299
28941 151026
30434 200845
31244 191343
32938 165364
33326 226895
33659 151224
37778 774483
40115 427551
40605 501635
41672 358835
41832 467130
43860 453219
45561 398063
46228 263478
46542 373088
48050 276943
48458 507719
49405 289930
52578 227413
52657 211129
52727 229709
53045 175353
53266 250917
56802 279863
58655 145266
59642 287202
59942 266069
60738 253295
61324 759782
61483 337531
61733 407460
63556 580924
63918 498789
65290 570466
66613 540869
67136 336172
67348 415836
69403 449127
70674 597062
71262 377801
71849 460123
72132 538812
72574 563241
72792 372775
72933 324248
73372 618226
74299 434573
74441 392148
74870 472035
76066 597911
76365 316282
76819 598651
78898 797135
79046 488964
81247 323928
82582 392867
82627 334546
83667 516991
84002 336646
84491 355785
85884 536352
85965 428079
88025 550121
88914 625780
89814 281769
91161 220048
95325 257290
96781 274856
97251 272161
97793 212264
97923 296745
98246 82639
98907 88831
101414 62183
101639 77842
102664 65195
103198 91984
104837 86012
105907 101613
107175 105409
107473 61650
107786 57279
108618 70808
111579 873074
111764 446565
112235 488026
113346 264092
113668 244414
114576 288418
114975 225355
116739 155990
116970 229462
117301 310636
117308 214430
120116 158398
120944 229035
121035 196197
121263 238533
125710 378411
126882 170090
127253 180578
130679 158257
130889 113555
131869 152608
133470 188158
133636 164671
133827 157562
134628 139315
137174 137652
137235 166419
138739 165307
138890 143520
139816 153761
140814 136255
142291 118806
145051 185501
145095 125379
146316 169025
146413 144275
146991 124692
149811 147920
154511 99799
154739 135783
155287 156072
156294 186514
158157 144047
160227 144683
160263 181070
160265 179540
162060 114015
162316 159002
162998 316950
163032 7720
165080 8451
165409 11531
165840 12251
166889 10136
166931 14541
167414 8239
167753 14578
169396 14339
169430 11023
170395 14835
170555 8233
171339 11725
172634 11160
173061 742411
173148 288086
174389 355618
177934 494986
179451 360969
182480 319271
184430 526188
185652 418988
187241 457543
187330 560081
188073 118463
190556 76892
192401 109430
194851 116173
199122 107870
199312 132731
199448 130321
199659 71070
200896 75333
201158 97136
201629 104032
202511 96182
203880 78211
206606 123246
208496 287636
208573 33627
208802 60805
209267 53502
210922 49353
213487 51652
214181 31880
216881 43125
219684 57174
220281 580238
220392 196774
220861 231666
221231 160751
221941 165219
222086 238195
222955 167874
223508 230067
224082 247132
224130 251425
224345 266064
224643 191323
225772 217177
228275 306327
229258 292405
229471 261179
229974 301517
230080 200363
230283 197723
230914 731295
231148 457433
231251 407049
233238 989949
233752 116346
234053 97772
235552 132413
235612 131436
238651 84964
238968 96639
240062 126649
240174 99495
241292 126442
242495 668854
243962 468291
244098 339353
245884 578353
246277 485228
246629 621001
247861 417251
248237 373151
249565 910647
250280 626272
250867 789359
251083 852915
252572 107570
254801 915112
255836 9260
256150 12861
256702 11243
256736 298151
256787 227496
258175 260305
258607 214636
259249 492198
259947 365855
260222 467690
260735 325298
261303 298322
261650 501968
261941 331777
263319 461865
263626 305298
264525 206586
267095 240810
271782 278600
272793 328554
273432 272726
273903 329311
274680 256189
275504 256020
276183 357256
276807 99534
277312 193319
277370 148014
277746 125886
277932 109983
278082 75068
278085 80435
278361 264742
278517 262585
279766 207395
279786 986776
279946 968450
280746 110652
283060 112168
284913 74895
285577 99598
286193 112369
287936 82903
288389 74166
290120 101535
290782 72274
291369 100504
291476 76239
291704 104231
291773 109331
292004 107060
292075 119629
292136 110110
292683 103014
295442 104434
297571 114755
298830 68777
299105 100986
299607 862050
300850 40625
303445 36841
307419 54504
307757 63147
310016 68517
311120 36444
312942 58169
313118 42870
313921 40164
314569 420172
314910 629844
315568 58180
317212 60251
318635 66070
320015 77680
322451 50350
323232 51999
324308 47501
325498 74190
326858 62816
328838 73629
328914 605050
329164 565609
329445 788633
329963 502780
330776 446166
331535 494624
331737 612525
332711 514637
335239 719796
337902 52569
339902 39205
340035 54459
342027 31879
342722 43452
343254 56213
344207 30573
346239 32718
346479 52818
346954 159097
347235 78222
348321 53896
349759 65155
351470 850544
352161 587282
352457 486861
352944 590180
353894 342434
354508 501960
355784 995230
356699 214627
356778 421959
359536 61990
360663 79823
362479 89318
365962 52758
366643 74463
368203 68814
368845 88753
370858 88721
371507 61840
372528 260247
375190 100411
376417 87072
379201 115999
379580 103949
380612 123724
381913 86446
382364 124205
382554 69202
387151 585181
387477 415180
388162 539779
391559 305710
392077 464559
396922 801577
397382 651722
397519 447924
397542 365007
397562 663728
397887 561294
398382 476319
398591 531949
398858 379056
400156 391168
401124 341659
401641 337394
402630 477459
403457 576162
403906 378765
407746 368841
408396 440987
408930 599714
409386 389012
413160 521647
414850 555724
415011 512401
417821 635770
418373 595758
418801 532285
419066 620477
419093 393556
420521 530060
420651 364457
421947 569100
422179 625084
423389 526512
423956 829151
425800 470893
426117 341381
426156 518493
426833 438140
427398 556689
428231 557377
431071 448020
431712 514380
432322 376319
434572 516818
435020 609685
435970 512277
439375 355974
439589 648458
439898 170509
440552 154485
440869 143203
442042 134336
442374 236650
442417 229478
442666 226353
443143 813373
443555 512380
443692 322041
444151 385182
444154 285175
445798 547957
447470 212685
448462 398855
449245 472398
449433 442452
450664 323626
450770 300049
451989 269209
452248 442500
455673 384199
455884 289992
457007 254184
457239 453730
457592 436780
459381 381481
459469 952635
461239 286418
463246 385829
463298 464226
463638 212508
464071 216977
464656 311797
467574 242027
470405 194578
471029 156641
471932 228583
473417 193827
475435 901950
475763 376709
476786 591784
477110 439970
477538 400042
478634 617113
479434 449660
480547 188923
481141 166865
481741 194658
482662 164002
484125 254018
484714 222479
485100 314471
487115 320214
487213 244981
487575 164243
488557 596251
489710 389480
490094 437254
490785 325597
493152 364582
493554 518829
495631 573945
495948 357709
496171 651194
497732 56011
498216 33660
498369 47183
499948 63156
500149 159811
504740 776039
508136 104053
508993 81404
509231 103014
509232 75752
509597 993620
510311 668977
511945 711144
512262 457068
512340 636874
517488 664049
518392 516048
523481 722386
524902 422628
527276 781177
529298 745347
529903 673283
529959 799787
530458 148475
531756 168976
532323 193263
532342 113022
532496 116912
534150 171721
534277 161580
536004 164812
536265 198868
539131 123090
540490 217881
542717 173200
543118 202315
545175 167078
546622 118572
548177 655900
553306 121226
554634 152856
554816 190367
556116 130079
556926 119246
556932 127177
558582 146683
560069 192467
560086 221275
562262 193615
562275 277501
562336 223995
563054 238601
563750 692509
564365 81715
564607 77335
565158 85131
565427 82343
565492 60497
565579 70905
566390 74302
566847 80848
568532 69364
568969 47670
569605 48669
571412 77303
571858 55262
572092 69356
572661 251516
574485 150314
574553 121077
576510 182256
577057 145367
578478 578805
578856 318357
579364 126492
580097 141509
580099 134330
580828 136592
581343 94531
581542 123034
582765 138004
584004 164136
584482 2042
586075 2805
587080 2764
588153 1924
588508 2168
588637 428361
590341 254193
591807 394226
592683 338506
594731 231778
594916 238094
596750 472387
597347 454237
598782 258570
603634 722858
603655 360207
604201 537755
604596 622656
605397 271682
607040 441558
607314 440039
608158 344056
608792 459169
610805 280477
611878 392218
612024 262092
612451 400107
612554 393585
612982 492738
616886 299944
617024 239117
617889 184745
619176 305407
620644 30573
623398 28698
623939 30970
624377 34225
624834 18797
625380 26537
625550 27350
628038 28634
631262 20506
632556 242720
633052 302099
634210 284064
635656 206817
636059 741296
636130 188786
638551 274628
638720 207009
640967 176593
641390 240005
642412 296451
645414 294046
648564 244578
649342 178341
649468 221249
650810 207511
651332 737135
652483 593545
653425 662674
655674 694529
657193 690256
657924 722449
659176 901362
660356 406522
661759 383988
663686 244925
665046 397687
665095 410489
665822 455481
666563 419832
668061 476086
668636 54845
669987 39215
670487 49141
671088 55227
672097 57567
672642 59588
673971 60322
674079 37718
676856 49206
677568 46706
679514 74637
681446 74432
681453 720775
683823 208540
685197 244762
685743 277405
686508 826097
687277 623174
687926 449530
689305 487431
690855 801529
690993 745012
691798 429121
692094 461155
693384 804225
694022 691173
695205 829683
695612 448308
695613 671034
696101 321512
696503 332951
697229 341815
699287 312258
699330 445790
700005 120351
700305 70490
701364 84426
701474 80598
702258 107465
702448 81433
702729 111085
703204 97372
704314 571015
704318 196012
705477 128999
706073 233645
708011 124759
708446 138256
709570 138496
710219 235729
712131 216749
712526 198845
713328 124386
713536 206202
714825 128557
715198 153529
716751 679094
717870 156226
720221 136192
720892 133689
721024 141769
721590 136052
723378 952538
724586 247842
727659 210876
729308 278535
729716 195777
730180 866785
730429 717943
731076 71016
732052 44898
735343 60060
735392 65613
735911 74878
737715 34900
738797 40548
739945 53490
740734 62535
742225 53499
743215 50702
747581 47212
748206 173982
750800 156057
750981 127416
752470 831131
752787 243307
753240 462804
753305 482477
754213 299045
754377 344853
754639 398347
754717 255598
755731 243253
757168 294826
758490 320253
759359 296611
763587 442394
763934 785339
764491 464619
764544 526634
765179 864278
765388 450181
765990 470458
767460 361334
770319 302480
770763 559201
771476 524215
771711 390542
772246 366158
772343 596856
772840 497766
776646 577654
777236 965940
777572 416218
777991 591148
778480 361382
779779 376708
781177 460485
783300 119811
783826 108978
784309 118032
784475 130394
785884 88407
787352 69920
787443 91219
787625 491465
788295 471638
788387 440253
788539 256821
790075 360084
790170 250644
791937 366253
791952 487209
792495 266143
795667 722131
797549 241497
798207 310362
798975 271965
799550 309744
800581 265448
802784 318862
803013 268926
803035 460515
805635 286924
805819 241222
805934 422060
807189 317206
807451 216497
808577 988467
810620 227871
810891 285470
813694 187790
815451 263346
816232 237592
816449 165837
818011 257216
820391 170486
821414 206518
822157 256944
822733 247710
823267 524783
823927 303624
824629 469886
825622 425064
830555 566211
832291 517781
833980 425019
834692 318512
834794 287594
836912 316822
838722 433752
838742 273585
839482 249533
840346 459023
841204 75629
843170 83673
844151 84349
844962 49646
845687 76947
845742 75594
845964 54881
846305 65070
846335 65183
846721 51853
847272 57658
848749 48911
850132 51771
850155 627086
854596 29285
855662 27362
856253 26583
856795 41797
858179 40637
860394 25907
861722 932627
869634 425792
869693 425514
870914 453014
872064 398344
872335 770214
873349 188742
874224 215426
874244 333602
874628 298518
875136 290611
875467 316768
876325 320893
876638 286666
880660 337978
881334 316967
882554 337545
883794 335528
884642 332703
887204 253716
888662 333410
889208 251862
889545 208561
889921 284270
891014 633039
892697 262529
894141 14678
894343 27121
894905 21242
896865 20805
897546 95763
898348 89259
900300 67726
901393 65882
902237 86640
902512 51562
902592 70945
902931 81129
903189 52743
903342 68223
903529 78141
903565 77497
903682 50345
905798 51609
906036 72046
906339 66694
906604 52909
906651 240044
908573 204519
908959 233300
911527 232127
912804 131857
913648 200632
914533 197889
914812 186484
916964 170416
917202 180670
918398 196086
918938 192677
919641 223807
920659 216873
920782 237446
921406 125398
921981 178969
922369 239172
923435 226166
923653 194950
924231 205459
925245 144694
926004 162165
927082 199321
927657 182363
927767 185737
928463 139795
928477 128131
929181 179072
932931 133588
933533 226317
934727 237872
934953 229778
935351 165037
935518 707053
936021 397738
936406 618054
940790 876566
941423 777039
941435 528753
942590 458804
942650 568172
943199 809280
943313 667794
943767 668666
944956 902317
946279 603139
946660 876931
947837 713227
948791 712535
949314 758178
949401 521693
950906 629252
950983 633946
952273 586782
956959 641582
957492 652777
958972 844507
962037 615866
963066 794402
963110 751929
964047 465919
964209 852247
965498 769231
967096 777839
967242 613917
968114 473021
969395 611317
970342 488013
970535 730998
970733 996971
971366 17209
971524 15531
974036 15004
974146 21753
974230 21633
975050 20750
976031 801909
977017 431307
978413 704938
978593 684735
980110 476896
980957 604238
981188 23762
982153 40187
984539 25726
984861 32554
985937 31257
986042 42185
987335 33935
988210 25317
988536 40590
988712 23868
990957 31236
992017 39406
992842 800177
992948 593990
994967 733877
996188 568718
997409 793005
998243 108600
999744 179683
999816 183700
