989 0.543
347 500000.0
1082 271907
1185 422060
2719 500662
4231 483499
4493 500499
4792 382705
5554 501058
5651 489588
8308 269786
9570 499947
9738 346428
10601 456605
10693 500552
10836 377065
11642 390924
13065 459806
14139 396235
15718 499255
16241 302857
16609 439594
16902 439441
18424 489643
22112 293537
25989 456655
26615 283019
27946 322496
29152 401402
29837 431761
33980 286378
35307 492021
35708 320804
35855 491742
38168 490622
38322 490636
38396 405044
41949 444027
42675 492844
44271 485954
45351 493431
45428 343049
47529 338712
48437 493407
50179 493876
50353 257010
50557 494071
51189 308233
51193 367600
51317 317723
52254 449464
52980 379564
55324 372200
57171 291557
58355 495935
59892 475380
60887 450392
61260 462861
63583 450472
63759 346544
64518 274366
64925 420085
65553 356651
68172 492746
69203 357525
69568 280767
70899 425522
72738 342074
73501 339605
76060 331645
76873 387026
77492 333188
79752 283432
79837 497940
80640 438062
81188 470743
82708 471404
82771 255578
83571 259610
83953 301861
84482 460073
84764 286618
84858 491657
85658 284804
85776 309180
90500 408222
90533 348935
90785 399677
91407 501741
91412 368096
93378 500901
93484 284462
94807 383909
95266 355525
95459 499839
95492 375929
97214 499123
97836 499203
98273 459248
98809 391879
102490 253902
102616 498754
103532 395684
104084 499394
107015 488003
111226 497746
111852 497445
114767 411455
114882 355001
115265 498097
115599 493705
117987 430998
118067 370917
119126 423387
119348 472309
119530 498407
119740 445858
121156 399441
121905 497794
122395 497651
123257 498011
123469 350763
124062 301006
128290 314230
128618 381105
128786 483602
128792 334418
128994 497085
129095 308262
129291 413481
129531 496857
131245 495972
132679 495402
133526 334866
133651 294133
134666 308255
134791 301817
134834 310337
135095 281880
137996 325825
138585 354653
140255 283848
140479 281211
144002 498868
144925 499049
146205 422465
147084 498159
147125 498163
147828 278938
148983 497694
149197 411817
149271 497839
150030 489896
153311 495626
153348 442765
153359 499919
156083 498942
156114 452711
156994 499143
157892 253930
158148 438976
160395 499085
161005 260987
161475 341121
161608 474843
163499 498437
163502 369161
164173 259528
164653 379780
165243 377154
165457 407512
166413 499480
166727 396400
166878 499616
167356 495523
167447 265739
169163 327441
169776 308283
171369 498799
171811 401753
172900 347552
172905 272180
172998 353799
174569 490245
177013 463599
177022 388143
177305 316447
177758 469329
177829 289832
178566 434474
178590 501276
179767 254956
179886 380021
181113 325807
184665 384437
186667 301935
187425 497693
188377 474028
188765 308529
192045 281487
193480 323880
193647 500259
195127 472201
195343 350439
196733 500959
197713 396726
199804 499670
201453 430226
202133 378965
203579 430476
204129 501841
204675 368881
205432 307377
206445 387015
206581 462622
207443 362162
209820 426617
211112 290714
211669 361449
212167 506079
214152 288043
214273 506385
215434 418214
216062 257850
217036 507604
217365 412401
217820 403110
218428 326677
219166 367429
220064 287461
220465 425644
221066 507552
223718 456259
223785 423327
224061 306609
224797 503722
225194 492983
226319 312279
227663 322484
228665 411962
230097 472798
230935 279687
231710 397350
233076 504841
233600 371505
235975 504913
237732 314989
238001 446302
239286 358819
239886 502925
241394 364186
241829 417329
242374 343947
242512 501814
244669 477718
246363 501636
246403 339735
248279 381364
248769 374617
250620 501878
251475 501754
254182 482729
255006 309923
255198 502866
255940 288319
256556 418421
257537 502763
257917 471982
258205 502898
258736 436768
264664 353482
264837 442795
264887 311926
265298 309249
265529 465809
266315 498946
270120 472268
270946 313794
271885 343261
273664 373846
274269 498130
274607 498145
275381 466693
275641 291947
275766 259056
276138 450058
277905 310975
278498 499693
278725 278798
281075 417880
281345 443783
281350 498576
281377 489063
281941 498697
282856 498958
285672 339161
286561 497410
287690 254533
287828 501585
288081 452515
290611 503062
293614 501518
299495 298772
301639 501976
302459 367887
302521 267659
305264 347964
305419 501892
306231 502115
307093 502343
309337 501581
311943 463464
312605 264653
313621 503334
314192 442560
315379 458383
315852 382555
316831 386142
319731 500286
320143 385673
321054 385238
322007 397036
323351 433301
324580 456395
325793 251836
326436 438929
328025 280813
328568 394374
328734 278206
330147 254552
332176 478629
335883 337481
337293 413674
337801 372582
339299 385701
339893 417625
340882 500805
341725 364739
341837 376611
342106 500520
342676 334073
343878 326372
343896 260333
344398 312529
344483 388687
344632 268234
345589 444769
348092 402352
350988 341033
351735 482869
352981 363882
353244 504727
353343 500745
353870 351455
354829 505481
356091 368519
357566 477286
359448 444879
359801 363940
359936 505136
362065 273687
362911 352716
364812 303620
365370 502602
365924 392300
367169 488674
368272 473852
368549 362759
374873 504159
379256 346242
380039 503537
380388 486543
382592 320670
382728 480177
383269 377441
383763 479676
384139 504274
384805 422476
389044 502901
389621 253379
390098 502680
392725 502020
393865 452283
394196 324705
394239 264615
396137 501055
396179 441428
396582 415899
397338 344452
397808 500522
400024 500242
400803 423972
400874 390540
401297 252799
403619 485041
405697 446683
405765 497394
405975 392442
405991 287964
409064 256694
409412 422615
409727 398023
410962 474813
411606 463184
412161 439158
412279 379818
413983 450912
413999 265500
414204 328796
415732 502094
416293 291290
418333 488348
418961 501490
425529 351760
425605 498244
425701 478931
426074 495009
426617 407087
427565 414039
427733 404879
428212 498314
428724 284336
429088 498100
430829 497182
431674 496732
431823 261163
433040 460003
435525 480764
436208 322378
436977 404942
437707 337528
438616 465165
440552 267278
442275 459808
443116 454356
443914 376101
444147 276319
444589 256100
444954 500301
445266 253499
446580 500751
446944 401235
447387 455698
448328 500612
448850 312044
449411 351494
450097 394142
450393 501073
452322 282731
452798 284427
453075 501283
453593 501079
457571 359178
458531 372512
458631 501114
459213 469305
459346 290703
459959 446838
460341 483585
460920 327384
461157 289147
462648 304345
463047 498970
466774 279364
469827 495395
470720 495662
471045 442892
473950 275502
475027 496272
476113 496398
476426 350934
477583 300973
478022 262262
478326 497108
478869 360020
479097 446631
480575 319587
480763 496461
483028 495728
483706 343610
484457 466938
484495 302991
488442 494952
490665 277767
490905 261045
490915 424128
491011 253916
491485 439718
491556 495496
492292 495578
494537 386661
494752 283877
495258 297104
495310 387920
497191 355846
498133 326820
499098 495559
499891 298738
500480 258347
504529 350002
505264 498237
505289 272082
507091 276064
507365 497281
507893 468010
508630 496678
508676 307718
508971 398608
509948 348161
512292 398964
512528 366555
515183 326131
519412 410654
523339 498330
523399 498321
523478 255138
524429 473221
524486 390586
525234 498457
527713 495293
527974 421411
528389 484578
528500 402166
530123 498275
531917 499192
533883 312816
533995 322625
536812 457695
537486 501386
537848 501358
537981 337228
540587 267690
541276 362307
541804 501100
542166 463530
542177 501292
543546 499476
545632 393401
545720 486043
546085 433645
546128 276096
546535 336765
547581 303439
547927 271643
548135 423686
548192 497834
548515 273813
548830 504589
549161 452871
550337 442744
552201 334570
553243 337816
554767 454251
554985 385442
555346 438930
555822 508156
555854 488483
557841 387063
560449 270786
560545 435814
561031 285927
561565 417903
561773 316364
564690 444043
565790 371455
567650 264663
568288 311887
568461 327500
570115 512366
570567 342497
571050 467614
573640 512183
574037 495295
574076 511971
574499 280242
574634 300341
579413 326509
580248 513189
580427 293669
581803 513619
582221 384282
583255 513835
583288 513829
586342 494348
587092 345071
589683 364974
589717 425044
589850 511788
589893 477926
590839 390840
594718 509203
595341 327127
595478 492142
597374 394584
598501 507504
600310 478382
600939 398277
601092 306909
601305 395643
602779 383200
603839 434260
606915 499489
607994 421444
608928 307896
609106 270025
609540 324778
609661 402461
612115 502653
614423 502483
614913 502242
614955 455922
616901 404426
618395 375262
620850 428084
621910 499915
624732 280802
624899 428601
625855 499162
626430 321466
627934 468316
628522 278903
628803 498258
636513 277119
638616 326019
639299 502637
640792 501904
641561 417339
641903 400354
642961 502756
643699 333552
643781 364422
648837 503461
648991 503464
650945 503493
652299 259243
654417 474139
655443 502992
655776 358738
655925 463455
657547 276832
657988 504078
661112 257865
661331 380244
661351 502896
661437 275923
663419 448142
664333 379638
664725 502581
665722 503004
667037 451067
667350 440108
670561 486187
670703 491272
671327 306070
671733 382786
673082 288306
674024 272048
676633 283134
677522 488338
678011 294050
678022 463627
678895 292765
679637 341129
680096 380336
680734 484943
682590 313103
684472 424825
684894 497022
684915 486469
685099 497003
686681 497316
687451 269052
687491 497150
688457 260481
689136 302392
689924 284615
691506 496190
695597 368116
695996 332304
696205 467372
696268 333947
696304 428848
697363 474036
697832 292613
698809 480765
702368 368930
703396 387839
703741 493295
703779 443285
703794 448145
704484 301952
705437 440523
705689 492784
706469 492726
707446 465838
708112 353376
708741 492273
709019 261534
709060 354021
710606 404126
710796 287838
713408 490627
714676 324207
715527 433666
716368 447952
717060 400117
717339 311697
718543 481638
719303 378876
720284 486946
720542 486902
721037 448719
721993 477433
723075 363379
723223 461072
723274 257832
723890 339602
725701 380496
726716 261756
727556 443351
727634 296259
728349 324807
729146 482868
730335 471182
731278 462969
731303 386215
733740 389107
734000 464161
734644 482927
735592 262435
737096 484215
737734 440690
739336 355440
740048 482948
742372 417389
743633 325940
743661 308825
744525 457582
744918 476269
746616 459529
746640 242738
747706 460228
747720 247463
748184 419667
748191 432345
749072 363260
750075 428505
750405 384106
751574 376488
751659 253022
754579 440144
754777 388828
755744 488088
756033 259374
756337 354991
758411 365806
759315 412600
759920 479576
760909 410535
760911 274690
762391 263337
762751 406592
764483 279611
764792 413840
765543 485183
765567 485188
767030 289201
768491 484356
771064 338540
772337 428217
772683 305382
773851 342474
774928 294516
774973 441225
776335 290201
776511 309396
776902 411442
778764 455367
780478 266654
781055 454184
783064 373041
783340 410512
785095 476980
786562 258961
787904 284952
789054 291928
789235 478658
789467 281875
789568 247667
790959 339475
791515 478978
792005 291550
792374 417766
792624 469337
792713 345364
793095 478679
795079 258182
795305 378118
799115 302778
800552 477897
801621 362287
802696 477621
804594 369743
805258 317894
807222 329490
808210 478238
813633 410090
813884 282638
814541 407021
815663 472604
815939 403829
818414 481864
820722 399814
821360 299098
822525 348941
823031 363630
823874 378358
824081 342598
824350 480297
825667 457031
826790 388855
828533 311845
828624 473727
829495 266938
830622 349073
831210 275188
831225 483375
832000 286100
832606 452321
833340 350955
834129 482059
835029 358756
835681 481937
835789 337306
836806 356146
837528 461623
839898 341871
841952 479371
843316 478844
843500 478834
845493 442685
845975 265195
846932 477457
851843 258036
851930 477185
852179 465512
854068 360839
854835 476444
856666 407735
857267 476667
857657 249206
859766 477413
859837 361829
859992 333046
861199 315273
863869 477631
865757 325658
866087 357292
868827 356829
869608 361219
870161 409607
870905 476806
871106 342815
872300 476288
872434 476293
873266 385297
873806 346093
875358 253031
877043 326967
877882 352264
879718 401428
880157 338573
880243 326768
880433 479714
882192 478856
882198 417148
883261 274701
884567 319550
885107 295559
888669 394508
888787 409410
888859 477671
889536 281917
890422 286335
890704 318827
894222 328818
894531 324102
895275 372069
896664 481509
897900 273634
898490 480885
898824 381889
899057 441976
899088 373287
902294 457937
902315 368996
903545 283432
904548 290435
905668 480184
907377 386617
910879 333993
911509 407343
914970 412999
916101 481387
917731 328006
920791 483365
920795 483365
921959 465817
922598 429618
922779 482458
924324 328371
924470 458827
929343 323006
929560 479202
929625 441366
930156 252301
930962 247385
931312 443167
932073 427546
934637 478233
935800 324586
936914 275254
938694 247281
938897 441376
942143 272255
943336 481701
943599 253049
944003 481651
945545 428411
945994 246921
946173 481570
946689 473834
946975 282570
951760 272393
952060 480741
954387 481727
954709 467766
955181 389346
955321 246112
955871 259463
956067 372667
959761 432943
960369 287595
962522 434693
963043 452846
963355 369419
963510 477427
963896 408666
964556 485117
964934 356185
966053 419034
967045 486254
967443 329911
967905 432696
968460 473649
970209 247182
970624 445211
971181 487161
975018 379897
975133 279902
976023 447849
976498 484403
976901 367406
978959 248627
979371 410368
979726 485665
980296 352510
980418 376939
980529 439307
981321 287067
982604 392526
983912 484640
984320 484626
984955 275496
985409 480205
986435 345999
987468 283502
989040 301246
989628 261321
990088 485371
991634 351946
992030 291265
992111 484472
992410 461463
993134 388272
993710 410762
995289 355101
996267 298299
996896 310640
998192 481597
