1000 100
96 722
82 965
43 277
688 811
274 787
174 648
11 235
177 264
225 671
140 676
74 158
124 565
99 129
567 986
101 655
628 643
53 411
331 477
51 975
348 786
100 543
388 640
591 635
349 596
94 202
413 694
31 77
103 125
367 865
89 127
617 846
43 299
438 821
4 79
567 678
247 875
95 242
23 81
110 746
591 783
116 238
271 599
36 500
55 247
275 514
329 784
98 360
162 953
55 172
45 191
466 929
267 435
556 588
270 881
592 836
242 695
74 199
705 903
378 584
42 612
7 517
37 69
98 553
833 905
19 594
72 249
203 707
636 659
21 205
231 490
464 828
916 951
81 334
225 991
455 817
362 576
89 458
116 279
152 306
67 151
98 119
78 117
658 864
844 887
355 580
23 808
151 312
186 221
63 289
346 674
285 491
172 496
135 184
492 976
73 112
153 999
458 532
496 572
353 675
151 562
