1000 500
145 316
656 945
324 382
216 503
187 499
60 106
13 855
567 862
24 619
64 117
10 755
20 189
782 943
509 744
28 123
51 84
261 554
120 777
362 625
216 715
157 552
152 246
198 708
145 275
201 558
431 758
280 648
128 173
172 229
258 298
2 11
784 956
637 860
13 14
231 247
826 857
6 786
558 697
72 547
369 465
268 396
227 231
88 426
279 576
362 404
143 161
351 901
1 2
254 567
377 472
30 341
368 524
643 947
398 782
102 273
120 444
3 212
17 205
75 595
176 248
752 922
67 208
403 958
19 39
869 911
174 415
8 44
537 833
68 225
245 254
120 719
19 34
594 997
560 563
11 461
135 640
427 827
32 127
361 963
109 618
712 797
641 818
106 442
50 168
157 368
518 949
24 79
564 848
388 829
186 434
604 636
181 605
262 778
73 134
135 323
458 893
554 593
39 64
548 637
384 785
53 517
76 78
139 608
27 355
151 167
26 58
227 232
309 967
188 238
473 615
186 894
66 169
180 516
2 6
580 988
191 193
243 450
152 776
151 477
621 886
161 340
86 324
36 153
68 326
43 391
333 422
132 196
589 638
114 420
22 86
102 177
103 700
78 910
139 688
544 931
102 178
30 91
943 996
281 728
34 116
257 464
237 905
159 470
18 28
418 544
283 581
286 759
127 600
324 796
22 844
14 26
682 946
297 923
19 934
24 36
19 51
35 136
143 599
533 917
152 179
14 125
592 658
2 113
660 838
16 921
119 588
149 389
158 384
473 498
121 182
487 651
52 99
425 817
112 219
209 476
299 654
468 935
372 718
400 646
726 813
153 871
7 9
28 37
25 54
56 137
179 303
13 59
36 258
328 673
75 500
205 689
113 463
20 160
580 659
278 570
156 171
233 346
16 983
328 757
439 539
322 494
809 864
362 832
28 665
70 601
163 322
115 131
253 589
53 162
502 596
40 520
791 801
272 614
70 197
192 686
404 928
400 962
91 149
93 775
20 88
206 277
248 511
224 430
60 150
341 710
97 684
125 325
618 951
329 412
589 807
3 25
492 784
6 7
201 285
311 773
210 737
635 652
117 995
633 727
553 903
263 414
199 733
258 853
385 667
166 352
686 740
332 398
145 530
190 525
93 378
38 255
270 742
154 738
13 46
677 681
230 680
306 611
410 481
220 906
691 826
603 664
484 683
237 300
4 145
233 262
166 720
39 549
174 270
599 716
87 198
428 741
56 311
177 761
3 319
58 413
23 48
173 188
71 553
153 260
197 566
405 613
67 580
323 350
732 787
533 677
811 863
565 629
481 562
326 545
114 199
8 53
151 557
436 469
29 622
360 624
6 21
290 630
13 27
246 523
271 359
112 158
188 351
226 419
98 289
191 579
877 977
179 569
65 590
263 836
462 536
757 975
60 474
564 678
103 228
154 259
188 497
439 861
367 823
884 982
249 299
727 876
67 93
58 77
811 879
375 458
15 24
79 159
218 881
116 220
220 406
90 92
259 989
116 129
815 950
72 98
577 889
437 653
88 338
207 466
595 753
306 841
524 991
724 858
40 41
4 10
97 735
749 867
23 38
37 63
604 916
659 746
314 410
230 312
110 573
578 783
358 401
280 468
272 304
976 987
181 416
158 187
196 315
87 802
380 432
13 85
119 271
28 97
237 374
77 375
14 121
293 694
93 207
288 707
22 610
1 3
142 154
17 31
606 685
3 62
274 284
57 328
334 425
135 803
249 550
159 370
123 126
63 87
24 40
180 214
46 69
194 211
116 170
1 95
10 20
59 305
329 587
241 756
627 851
139 541
82 111
11 518
59 880
160 376
42 572
60 201
343 451
316 731
273 551
151 353
185 478
63 101
781 835
123 870
50 453
179 244
158 400
155 669
169 828
208 249
129 798
329 577
223 440
55 365
443 449
128 226
79 512
333 519
496 732
75 417
6 13
319 915
232 834
310 403
50 192
247 336
352 837
136 163
844 908
96 147
641 972
62 72
329 515
202 233
149 377
319 743
462 959
500 806
108 204
42 215
328 709
587 930
11 372
124 460
327 628
690 952
81 181
633 825
491 711
22 94
230 263
334 606
58 108
722 912
353 666
179 771
832 892
92 433
222 649
381 765
64 479
659 726
863 927
320 437
150 859
166 310
207 623
398 411
35 380
127 141
591 751
412 504
8 333
744 878
88 763
277 438
155 190
555 714
206 565
310 701
531 729
480 919
335 850
1 30
862 933
658 875
370 484
144 402
79 157
65 556
451 584
