1000 999
399 588
28 51
387 544
127 225
31 476
573 937
68 434
306 343
148 575
158 227
510 994
202 758
28 616
27 559
548 691
392 751
15 61
514 715
934 971
2 40
372 846
580 972
670 803
372 753
129 451
15 74
158 917
300 414
319 756
535 552
709 921
39 78
903 987
28 138
367 947
108 532
49 345
85 275
2 55
389 420
213 990
64 235
49 65
479 572
99 383
25 73
78 534
487 826
560 940
159 521
70 676
46 688
324 458
158 177
567 716
54 63
70 165
522 828
171 199
65 331
6 284
418 965
261 884
236 755
199 689
489 558
255 908
351 876
283 296
243 598
342 741
382 501
591 646
48 53
191 452
166 197
319 563
481 983
138 279
567 722
180 504
30 62
257 286
419 491
456 730
109 143
29 784
551 952
275 672
613 641
25 28
29 57
265 393
188 370
272 666
168 658
7 362
183 742
102 219
27 185
513 919
243 824
103 309
218 244
23 941
146 626
260 301
66 535
227 454
112 170
282 500
395 436
407 817
203 277
30 43
30 77
563 733
747 926
120 704
93 356
432 624
746 885
419 428
220 957
97 210
125 175
41 970
432 845
75 113
236 639
613 821
354 529
11 132
90 485
195 788
69 251
135 386
127 183
73 328
535 654
400 815
33 546
539 771
108 166
774 931
335 578
159 445
117 849
305 368
468 882
178 992
196 241
330 827
258 394
369 553
682 935
498 834
475 541
416 982
147 382
149 576
261 354
53 450
47 272
30 648
563 822
343 351
85 98
116 168
35 83
221 597
299 540
185 807
711 777
32 752
102 429
6 20
156 221
166 729
68 99
197 364
113 419
354 718
456 543
554 996
630 840
58 288
414 453
450 945
103 344
442 456
695 924
156 512
193 591
305 892
852 883
26 82
29 49
305 360
23 64
223 334
68 674
112 372
487 923
18 22
256 825
145 566
3 10
41 470
55 134
10 11
245 397
96 239
321 966
621 899
430 606
515 783
692 977
330 537
299 594
71 205
65 184
35 91
714 955
657 839
645 951
553 571
82 462
383 492
237 253
258 809
241 417
166 928
500 608
59 338
329 770
192 294
109 256
289 421
287 389
502 841
54 700
112 260
29 42
56 310
9 88
52 640
100 189
777 969
172 854
250 551
761 910
78 381
397 642
272 416
435 477
378 380
136 172
228 585
329 978
256 433
361 786
15 555
190 247
118 285
103 600
437 820
23 85
223 881
116 298
232 487
153 257
17 148
75 687
508 847
60 192
283 407
24 734
51 268
103 186
144 322
69 103
535 607
49 270
381 464
401 764
4 7
24 37
321 724
65 457
175 204
207 601
74 128
629 862
18 75
548 681
96 725
648 843
352 449
364 402
62 570
201 329
17 442
62 122
52 246
84 321
451 785
270 739
222 637
518 657
167 203
139 223
86 100
76 869
193 198
793 857
183 679
235 816
291 385
172 392
441 773
96 316
20 228
729 879
5 173
915 1000
293 325
737 743
161 179
42 620
295 671
101 617
234 373
99 324
201 427
68 76
835 896
439 493
664 789
460 644
74 287
9 12
208 496
198 471
305 333
124 359
161 206
74 102
237 710
147 569
819 901
149 481
125 475
32 875
412 567
366 948
97 612
110 212
15 35
59 216
247 411
74 536
21 71
219 805
119 627
609 652
231 584
129 993
255 699
177 347
615 647
4 123
364 761
236 579
450 474
117 435
409 548
785 958
28 89
58 87
475 561
329 409
198 266
615 806
612 769
201 842
129 423
28 909
26 112
118 311
59 497
140 510
33 126
546 867
807 872
55 388
392 483
558 964
462 609
695 877
199 363
482 918
414 995
581 740
58 229
429 933
386 547
36 120
43 58
185 542
5 44
623 748
648 858
84 180
12 93
205 623
199 248
685 984
223 304
131 893
809 959
408 823
438 686
381 929
107 145
271 468
547 953
14 17
112 315
125 153
95 425
29 30
379 539
240 939
495 696
8 56
691 802
109 797
320 366
62 96
54 267
476 621
149 190
380 405
3 8
457 505
63 702
337 717
25 136
220 341
164 306
29 54
858 889
249 760
183 415
107 787
84 295
123 240
374 412
15 305
89 467
407 494
387 577
238 289
274 399
167 222
25 673
126 781
52 314
895 962
119 313
104 463
473 630
295 455
295 905
126 278
44 954
130 811
598 611
637 732
223 292
141 911
147 659
167 350
88 146
609 719
85 118
622 963
54 738
195 520
89 274
66 135
13 610
325 998
262 441
16 80
94 625
11 92
108 140
4 18
652 976
28 104
479 800
359 403
308 401
166 605
244 265
231 395
62 191
332 763
107 335
132 387
30 365
12 124
612 651
83 592
20 160
811 861
202 525
44 281
622 670
64 391
143 271
6 27
53 340
45 635
393 413
28 774
27 33
526 912
594 675
147 232
127 358
221 526
204 297
781 813
5 9
656 698
626 902
736 779
164 237
484 649
10 141
84 158
855 871
82 336
952 967
303 437
314 868
18 41
155 164
263 353
78 264
116 273
48 574
143 766
15 685
15 614
76 81
18 59
307 737
128 465
300 379
223 236
178 263
223 897
39 469
93 156
154 283
545 683
3 84
55 115
125 151
463 888
9 19
374 634
221 765
252 898
125 254
53 72
181 215
405 669
126 213
870 942
197 323
510 595
87 604
446 690
186 709
160 188
46 95
205 317
389 660
121 201
118 130
45 308
51 355
449 678
411 850
166 507
244 390
77 194
226 974
105 152
748 782
623 934
1 6
474 922
70 159
80 503
258 693
6 282
119 226
50 261
289 638
691 938
292 819
234 920
387 831
52 137
243 848
586 886
96 478
88 790
19 200
206 726
169 580
124 326
39 155
230 636
4 5
18 34
122 583
594 904
755 838
344 682
84 110
413 810
921 927
52 250
93 233
11 472
789 960
58 894
466 550
26 90
289 327
178 432
28 121
32 60
1 36
460 961
3 202
54 252
384 556
44 133
516 662
314 486
5 109
300 829
216 855
244 342
169 833
145 163
359 447
142 499
265 269
57 348
478 573
92 154
1 4
546 603
327 798
168 837
231 522
103 562
286 418
363 545
11 144
76 291
77 119
342 376
526 979
581 706
795 950
86 105
575 705
28 131
137 299
489 498
297 337
290 853
78 515
665 907
61 142
159 745
304 339
421 480
186 484
249 900
18 866
558 628
316 812
43 615
394 519
24 851
22 161
30 32
730 946
94 489
242 511
43 45
51 220
154 181
460 466
275 319
331 564
870 989
390 398
332 775
379 618
639 661
20 514
68 596
104 150
336 460
600 891
343 873
642 768
178 280
23 38
175 874
14 25
62 258
249 956
39 86
829 830
150 167
687 780
93 619
48 293
152 997
671 712
19 29
153 255
62 581
342 684
2 16
16 39
1 2
164 234
378 565
622 735
603 622
88 101
5 117
80 108
340 859
417 746
149 408
255 697
246 361
169 195
237 377
357 754
99 259
8 69
90 459
453 949
2 13
493 495
378 863
234 320
376 524
457 903
303 721
624 643
958 980
519 944
223 736
83 533
395 587
347 461
412 513
50 176
243 439
253 490
544 836
849 878
22 24
684 914
6 97
186 303
393 599
415 528
645 856
53 70
568 650
343 767
206 488
85 106
548 655
683 772
276 653
907 925
246 424
35 52
93 371
466 656
351 527
527 560
553 796
107 196
94 426
47 632
573 791
54 207
18 214
422 446
173 864
91 794
110 349
680 723
171 302
228 713
9 107
110 378
305 318
582 629
164 430
635 664
295 799
235 242
118 357
605 762
647 988
26 46
230 307
465 668
14 15
39 211
30 217
30 162
44 776
11 209
378 440
971 986
41 147
373 895
10 422
117 178
584 943
74 448
24 26
10 94
785 860
680 759
21 47
248 369
415 801
371 406
584 915
56 114
29 586
87 127
398 804
108 187
89 593
206 749
178 835
150 157
3 23
595 916
12 31
45 48
262 276
238 906
217 312
11 792
409 633
6 973
174 517
827 936
199 692
121 663
63 129
274 778
442 557
84 116
374 404
168 747
205 243
50 991
292 374
272 352
60 66
673 930
664 720
8 21
901 968
413 602
577 694
256 375
379 887
305 708
629 870
414 582
700 890
25 538
42 169
94 218
11 14
542 795
122 174
38 182
38 68
698 707
664 818
2 832
503 808
132 852
243 508
492 744
212 249
927 932
265 443
92 516
195 410
535 590
247 880
243 400
81 346
293 473
2 3
476 568
178 731
155 193
900 985
728 793
410 728
97 677
209 238
254 330
83 245
156 290
148 396
607 865
50 231
196 999
357 711
353 613
123 262
225 913
97 300
18 645
137 444
180 727
151 714
100 479
45 67
204 695
257 981
46 384
250 523
14 50
152 482
529 589
66 230
111 814
64 549
350 631
103 149
245 554
878 975
571 665
204 844
303 531
67 171
403 518
124 530
283 367
102 139
18 111
15 125
461 680
67 208
258 506
26 509
269 703
12 79
108 667
314 750
24 224
277 757
191 332
335 438
685 701
501 502
326 431
