501
462 461
352 351
468 467
318 317
138 137
251 250
44 43
430 429
177 176
47 46
499 498
29 28
0 500
331 330
428 427
481 480
9 8
376 375
408 407
41 40
314 313
465 464
305 304
484 483
369 368
386 385
261 260
348 347
218 217
55 54
453 452
431 430
372 371
441 440
436 435
411 410
383 382
272 271
397 396
32 31
173 172
237 236
62 61
182 181
434 433
235 234
366 365
54 53
152 151
184 183
360 359
423 422
402 401
106 105
284 283
320 319
239 238
146 145
264 263
401 400
338 337
74 73
351 350
365 364
105 104
335 334
172 171
250 249
200 199
118 117
183 182
273 272
466 465
488 487
486 485
70 69
1 0
313 312
363 362
57 56
139 138
297 296
262 261
475 474
185 184
375 374
3 2
399 398
336 335
143 142
266 265
479 478
25 24
191 190
35 34
417 416
50 49
355 354
23 22
429 428
236 235
197 196
240 239
459 458
165 164
339 338
456 455
51 50
205 204
247 246
92 91
330 329
89 88
77 76
31 30
242 241
281 280
332 331
389 388
214 213
382 381
265 264
489 488
66 65
409 408
4 3
122 121
377 376
67 66
226 225
213 212
315 314
370 369
493 492
43 42
334 333
473 472
97 96
327 326
134 133
21 20
217 216
442 441
269 268
38 37
101 100
445 444
221 220
81 80
42 41
394 393
286 285
98 97
317 316
353 352
474 473
358 357
450 449
68 67
280 279
159 158
329 328
211 210
116 115
56 55
155 154
427 426
311 310
45 44
123 122
10 9
492 491
168 167
162 161
59 58
125 124
222 221
99 98
295 294
443 442
117 116
110 109
322 321
151 150
201 200
294 293
448 447
446 445
112 111
170 169
416 415
7 6
381 380
212 211
490 489
458 457
296 295
234 233
494 493
424 423
181 180
166 165
413 412
304 303
230 229
388 387
115 114
228 227
207 206
223 222
258 257
362 361
278 277
435 434
28 27
108 107
460 459
364 363
467 466
91 90
52 51
346 345
349 348
310 309
17 16
289 288
144 143
195 194
135 134
160 159
180 179
328 327
279 278
359 358
444 443
463 462
153 152
131 130
16 15
154 153
140 139
325 324
147 146
243 242
256 255
141 140
440 439
129 128
410 409
76 75
231 230
186 185
452 451
40 39
100 99
361 360
469 468
161 160
324 323
471 470
396 395
290 289
33 32
238 237
447 446
5 4
340 339
487 486
24 23
104 103
194 193
95 94
451 450
86 85
113 112
253 252
203 202
299 298
276 275
156 155
390 389
496 495
61 60
433 432
292 291
229 228
301 300
437 436
291 290
204 203
49 48
73 72
69 68
71 70
208 207
132 131
216 215
455 454
167 166
136 135
13 12
65 64
196 195
6 5
309 308
142 141
302 301
274 273
323 322
158 157
245 244
422 421
403 402
219 218
308 307
454 453
79 78
188 187
109 108
15 14
497 496
270 269
72 71
130 129
26 25
495 494
438 437
426 425
174 173
344 343
202 201
378 377
128 127
498 497
461 460
149 148
133 132
27 26
148 147
30 29
248 247
357 356
225 224
392 391
288 287
457 456
371 370
127 126
342 341
193 192
260 259
393 392
421 420
482 481
303 302
84 83
464 463
124 123
425 424
267 266
347 346
19 18
350 349
398 397
192 191
480 479
90 89
34 33
87 86
53 52
126 125
157 156
306 305
178 177
171 170
179 178
321 320
88 87
343 342
93 92
58 57
319 318
285 284
164 163
312 311
293 292
114 113
268 267
384 383
307 306
282 281
477 476
252 251
483 482
254 253
367 366
368 367
82 81
48 47
14 13
137 136
405 404
439 438
163 162
198 197
257 256
232 231
187 186
150 149
210 209
275 274
476 475
175 174
103 102
199 198
418 417
491 490
287 286
63 62
37 36
374 373
298 297
391 390
387 386
337 336
412 411
345 344
107 106
102 101
400 399
39 38
485 484
420 419
241 240
20 19
341 340
96 95
78 77
249 248
206 205
176 175
373 372
283 282
83 82
233 232
11 10
415 414
64 63
46 45
419 418
380 379
80 79
12 11
189 188
333 332
60 59
470 469
255 254
277 276
169 168
18 17
227 226
316 315
209 208
449 448
395 394
379 378
224 223
22 21
356 355
120 119
472 471
119 118
385 384
407 406
75 74
36 35
220 219
300 299
478 477
190 189
8 7
2 1
404 403
121 120
271 270
259 258
94 93
263 262
414 413
244 243
406 405
111 110
432 431
246 245
145 144
326 325
500 499
354 353
215 214
85 84
