501
140 139
149 148
85 84
392 391
343 342
421 420
247 246
495 494
161 160
267 266
460 459
394 393
466 465
475 474
252 251
231 230
71 70
442 441
318 317
173 172
391 390
470 469
166 165
74 73
54 53
410 409
65 64
99 98
109 108
292 291
67 66
428 427
362 361
411 410
165 164
245 244
489 488
409 408
134 133
443 442
64 63
234 233
117 116
486 485
102 101
145 144
333 332
278 277
412 411
414 413
112 111
9 8
185 184
297 296
157 156
103 102
48 47
369 368
8 7
354 353
282 281
198 197
500 499
201 200
240 239
276 275
212 211
38 37
94 93
68 67
170 169
471 470
108 107
291 290
425 424
220 219
404 403
368 367
493 492
150 149
293 292
116 115
44 43
254 253
472 471
337 336
498 497
39 38
287 286
21 20
277 276
126 125
151 150
248 247
341 340
156 155
163 162
28 27
113 112
253 252
191 190
239 238
209 208
152 151
3 1
89 88
37 36
381 380
402 401
347 346
384 383
110 109
420 419
121 120
352 351
457 456
449 448
373 372
237 236
203 202
372 371
115 114
75 74
380 379
118 117
205 204
246 245
53 52
377 376
446 445
427 426
199 198
43 42
84 83
124 123
365 364
398 397
311 310
200 199
230 229
361 360
159 158
80 79
178 177
338 337
24 23
56 55
155 154
184 183
405 404
294 293
467 466
437 436
59 58
438 437
431 430
79 78
353 352
36 35
349 348
395 394
313 312
340 339
393 392
485 484
45 44
418 417
114 113
367 366
29 28
233 232
7 6
77 76
213 212
31 30
15 14
364 363
344 343
217 216
441 440
188 187
189 188
167 166
132 131
60 59
208 207
187 186
174 173
255 254
86 85
141 140
190 189
463 462
445 444
148 147
303 302
419 418
78 77
249 248
66 65
403 402
18 17
147 146
416 415
304 303
162 161
346 345
226 225
309 308
469 468
286 285
6 5
214 213
197 196
83 82
242 241
1 0
154 153
480 479
258 257
399 398
328 327
218 217
389 388
259 258
14 13
310 309
87 86
327 326
415 414
281 280
42 41
326 325
316 315
261 260
451 450
171 170
366 365
307 306
266 265
225 224
224 223
335 334
371 370
385 384
49 48
331 330
320 319
424 423
413 412
284 283
127 126
322 321
417 416
315 314
383 382
477 476
262 261
268 267
97 96
135 134
143 142
186 185
90 89
55 54
195 194
5 4
487 486
432 431
348 347
499 498
473 472
227 226
120 119
232 231
324 323
3 2
317 316
285 284
321 320
329 328
440 439
82 81
468 467
386 385
396 395
481 480
382 381
81 80
454 453
350 349
137 136
459 458
484 483
128 127
130 129
238 237
429 428
433 432
196 195
251 250
105 104
106 105
430 429
194 193
122 121
20 19
319 318
357 356
422 421
488 487
455 454
107 106
241 240
298 297
370 369
142 141
12 11
461 460
35 34
250 249
131 130
274 273
111 110
61 60
181 180
378 377
40 39
22 21
91 90
483 482
223 222
306 305
0 501
387 386
390 389
175 174
375 374
325 324
180 179
257 256
96 95
10 9
359 358
448 447
312 311
57 56
182 181
330 329
34 33
244 243
243 242
476 475
426 425
300 299
70 69
269 268
256 255
492 491
23 22
236 235
301 300
76 75
63 62
211 210
407 406
27 26
52 51
356 355
336 335
104 103
332 331
69 68
275 274
33 32
19 18
401 400
462 461
323 322
444 443
169 168
479 478
179 178
193 192
280 279
16 15
88 87
100 99
235 234
50 49
4 3
206 205
123 122
263 262
101 100
30 29
207 206
408 407
51 50
183 182
228 227
47 46
46 45
219 218
271 270
345 344
388 387
434 433
270 269
279 278
288 287
305 304
295 294
153 152
497 496
458 457
439 438
192 191
289 288
158 157
435 434
339 338
204 203
210 209
265 264
146 145
260 259
129 128
215 214
17 16
273 272
176 175
482 481
222 221
447 446
355 354
342 341
139 138
423 422
144 143
73 72
264 263
490 489
400 399
464 463
202 201
494 493
133 132
172 171
496 495
168 167
358 357
32 31
290 289
397 396
374 373
272 271
299 298
58 57
436 435
93 92
98 97
216 215
160 159
136 135
302 301
11 10
452 451
296 295
25 24
453 452
363 362
221 220
474 473
376 375
351 350
283 282
478 477
92 91
308 307
164 163
26 25
138 137
119 118
41 40
456 455
406 405
177 176
450 449
334 333
379 378
62 61
360 359
95 94
229 228
314 313
13 12
125 124
72 71
465 464
491 490
