500
24 23
186 185
445 444
307 306
306 305
5 4
316 315
75 74
227 226
29 28
259 258
125 124
245 244
140 139
435 434
356 355
15 14
121 120
363 362
298 297
328 327
255 254
412 411
241 240
80 79
342 341
486 485
89 88
310 309
168 167
139 138
76 75
453 452
290 289
414 413
225 224
384 383
370 369
478 477
224 223
446 445
293 292
66 65
327 326
7 6
405 404
350 349
18 17
417 416
266 265
394 393
397 396
182 181
359 358
299 298
339 338
239 238
194 193
59 58
205 204
97 96
420 419
188 187
428 427
98 97
380 379
361 360
404 403
242 241
38 37
500 499
126 125
101 100
27 26
128 127
381 380
238 237
460 459
466 465
41 40
318 317
62 61
332 331
382 381
296 295
71 70
61 60
67 66
135 134
114 113
424 423
465 464
470 469
427 426
206 205
492 491
326 325
386 385
105 104
133 132
51 50
498 497
251 250
496 495
181 180
34 33
50 49
173 172
425 424
2 1
109 108
309 308
136 135
321 320
474 473
325 324
26 25
352 351
119 118
178 177
79 78
148 147
372 371
360 359
490 489
349 348
70 69
258 257
315 314
250 249
104 103
331 330
116 115
193 192
368 367
260 259
64 63
431 430
108 107
489 488
409 408
312 311
408 407
157 156
16 15
110 109
228 227
82 81
184 183
416 415
166 165
55 54
439 438
335 334
127 126
358 357
163 162
99 98
429 428
35 34
118 117
81 80
413 412
430 429
393 392
285 284
473 472
152 151
484 483
58 57
248 247
83 82
111 110
354 353
399 398
313 312
452 451
91 90
233 232
482 481
454 453
469 468
433 432
204 203
379 378
422 421
322 321
265 264
183 182
336 335
209 208
189 188
351 350
267 266
284 283
36 35
6 5
236 235
192 191
262 261
341 340
443 442
269 268
169 168
270 269
366 365
226 225
77 76
223 222
302 301
406 405
103 102
261 260
449 448
355 354
25 24
201 200
263 262
161 160
252 251
448 447
94 93
345 344
72 71
22 21
208 207
297 296
471 470
308 307
164 163
441 440
197 196
65 64
438 437
333 332
202 201
499 498
276 275
221 220
3 2
374 373
199 198
447 446
398 397
32 31
120 119
160 159
390 389
96 95
130 129
39 38
450 449
395 394
69 68
230 229
462 461
387 386
47 46
144 143
132 131
246 245
216 215
23 22
200 199
84 83
176 175
142 141
156 155
180 179
210 209
165 164
151 150
212 211
235 234
11 10
301 300
256 255
33 32
468 467
46 45
362 361
154 153
274 273
271 270
440 439
376 375
278 277
247 246
415 414
344 343
43 42
491 490
389 388
457 456
17 16
106 105
207 206
451 450
320 319
367 366
175 174
4 3
141 140
385 384
243 242
311 310
122 121
421 420
436 435
289 288
174 173
42 41
337 336
129 128
467 466
288 287
172 171
73 72
477 476
410 409
147 146
28 27
403 402
314 313
348 347
155 154
211 210
219 218
357 356
392 391
434 433
329 328
37 36
213 212
317 316
343 342
214 213
497 496
177 176
371 370
375 374
86 85
472 471
388 387
131 130
124 123
287 286
280 279
88 87
334 333
272 271
286 285
54 53
48 47
455 454
153 152
237 236
423 422
282 281
240 239
137 136
40 39
461 460
485 484
253 252
195 194
494 493
179 178
49 48
483 482
277 276
464 463
481 480
8 7
353 352
117 116
432 431
13 12
203 202
215 214
324 323
30 29
19 18
232 231
87 86
198 197
53 52
493 492
383 382
74 73
281 280
170 169
123 122
254 253
364 363
63 62
456 455
476 475
78 77
134 133
113 112
283 282
479 478
400 399
158 157
279 278
149 148
191 190
57 56
171 170
437 436
145 144
444 443
143 142
292 291
21 20
220 219
52 51
495 494
60 59
300 299
102 101
268 267
419 418
346 345
167 166
275 274
93 92
411 410
95 94
85 84
330 329
347 346
231 230
407 406
304 303
249 248
369 368
92 91
244 243
418 417
0 499
295 294
162 161
340 339
146 145
294 293
459 458
442 441
391 390
291 290
187 186
378 377
112 111
480 479
90 89
338 337
190 189
303 302
20 19
402 401
107 106
31 30
396 395
488 487
222 221
377 376
323 322
264 263
12 11
217 216
257 256
365 364
45 44
56 55
14 13
463 462
234 233
319 318
115 114
9 8
229 228
138 137
100 99
373 372
68 67
185 184
273 272
196 195
218 217
159 158
305 304
10 9
44 43
426 425
458 457
150 149
487 486
401 400
475 474
