562
485 355
595 456
707 307
585 84
609 73
203 125
866 474
931 101
973 839
300 121
790 309
619 586
844 116
668 402
379 0
712 396
664 250
375 318
806 147
399 354
325 42
860 0
238 187
883 360
550 336
690 257
190 37
737 237
814 496
789 614
582 128
914 214
717 583
957 250
779 346
897 325
788 518
402 261
944 509
604 83
741 40
709 425
444 364
49 41
958 597
453 406
699 343
234 121
864 489
433 242
601 486
949 889
674 224
895 2
833 448
863 454
386 71
744 364
965 386
928 791
851 431
920 54
446 139
539 161
131 44
953 41
770 720
955 11
196 52
526 472
481 136
297 154
761 575
909 662
859 672
868 120
883 247
752 281
942 243
998 578
765 89
447 391
324 27
482 203
493 19
263 41
315 204
869 802
271 168
704 455
503 370
671 665
217 186
738 582
56 22
546 210
798 144
488 157
193 128
811 757
639 467
697 178
467 370
657 654
957 240
351 18
997 815
862 409
657 128
677 375
508 128
940 210
637 629
941 570
642 302
352 328
873 833
866 90
403 398
765 728
518 244
379 227
964 358
692 171
338 269
843 37
196 165
283 59
865 299
743 389
939 873
359 299
381 310
814 211
619 263
896 190
683 121
409 95
74 32
909 523
835 720
857 399
54 0
235 171
626 517
498 127
847 410
318 208
373 148
989 87
883 548
635 486
419 65
707 21
991 528
853 236
620 98
947 560
660 192
660 649
669 157
391 291
856 298
500 76
215 137
749 400
432 228
749 181
852 91
745 40
697 129
795 278
739 12
153 54
784 521
739 295
392 359
792 755
828 355
707 513
477 89
254 9
763 586
488 134
856 608
859 462
300 225
683 396
948 340
763 344
880 236
825 297
698 307
644 327
865 255
909 157
740 55
661 233
526 385
876 446
993 389
891 294
826 582
721 534
617 167
899 73
495 371
735 277
899 272
350 316
411 241
269 266
936 265
945 741
723 93
78 12
948 537
657 148
366 218
735 391
867 91
407 300
461 38
592 249
449 124
939 324
558 541
999 832
926 250
489 205
913 33
352 230
904 171
501 29
937 2
841 280
632 212
933 17
346 72
874 206
518 15
175 21
889 752
602 175
994 911
498 20
265 43
928 564
901 199
644 439
816 586
670 403
319 142
881 561
287 194
734 188
933 17
337 301
756 683
334 306
665 555
981 300
669 46
991 31
447 140
898 575
356 346
421 121
601 263
893 620
787 160
741 190
738 665
606 239
695 300
360 310
820 256
237 61
207 200
248 60
359 45
657 237
353 232
864 319
771 284
927 469
729 226
130 5
963 289
907 59
401 244
861 313
235 87
991 332
319 46
652 383
851 212
239 190
205 175
661 343
762 744
778 698
937 457
514 145
806 660
621 336
812 209
846 89
752 744
490 295
622 517
644 418
892 59
116 99
631 614
899 126
972 629
336 83
194 65
756 77
809 43
741 662
236 24
984 167
628 329
389 134
781 180
452 26
939 61
113 94
723 599
612 161
826 309
543 258
804 11
519 461
903 481
916 597
993 608
388 23
971 144
910 398
0 196386
662 61
821 356
23 14
535 444
370 112
571 567
445 274
750 45
508 75
112 17
777 585
931 907
520 293
296 195
273 171
917 173
996 483
757 534
754 250
25 21
537 57
927 254
781 366
778 541
685 489
742 183
715 237
830 25
788 320
998 477
550 109
722 2
986 521
691 296
459 42
328 57
774 530
747 550
527 327
947 251
562 255
290 203
508 109
901 611
337 33
848 737
767 302
871 838
692 188
252 198
333 293
740 616
901 186
207 10
401 235
665 555
483 459
852 742
775 269
784 418
294 152
530 7
98 66
253 52
371 59
493 457
446 97
466 441
472 464
719 641
859 603
903 342
305 299
695 132
991 225
718 229
449 310
270 190
859 731
674 365
768 117
817 740
839 156
601 266
215 168
813 681
580 476
327 125
780 213
425 162
761 379
615 242
565 485
899 501
965 54
130 17
966 209
664 247
250 9
265 130
430 116
906 460
990 745
852 258
453 323
687 74
450 444
972 68
682 589
195 70
950 23
896 321
844 35
429 299
815 467
578 132
367 43
283 85
473 390
982 172
970 3
532 284
859 811
603 300
269 15
173 139
531 174
618 474
955 300
896 607
840 83
366 91
970 239
862 235
598 71
516 155
591 509
722 324
661 94
830 613
429 354
517 67
864 260
538 268
649 618
957 172
829 202
321 133
244 202
587 352
728 580
264 218
648 54
587 582
129 16
796 389
553 59
719 151
887 269
985 233
629 162
969 954
545 231
990 242
571 48
603 368
908 191
718 635
981 286
884 618
590 565
610 255
789 409
517 297
711 437
972 207
756 421
862 323
837 201
930 46
120 116
659 175
892 453
110 52
568 32
275 115
513 132
135 92
186 85
864 40
707 644
83 20
794 252
477 410
676 459
678 367
260 16
172 111
135 120
731 396
532 83
644 186
828 662
477 160
673 380
779 87
691 236
267 53
164 106
973 323
423 163
486 127
961 820
998 118
581 2
503 406
266 20
977 497
340 281
