1000 999
103 305
341 424
679 777
463 492
100 208
145 377
19 35
37 346
193 302
95 926
39 46
71 95
65 135
32 351
602 867
291 595
682 831
22 142
225 280
359 695
1 19
295 396
760 770
373 701
305 997
213 732
258 969
388 431
138 149
650 678
214 905
428 942
56 58
364 478
66 322
15 30
33 83
569 815
373 471
183 861
351 427
53 129
332 593
538 570
440 835
137 583
154 228
478 525
48 943
72 316
339 380
25 71
83 139
316 793
229 313
247 671
65 190
491 636
437 908
253 625
222 354
720 724
261 598
10 389
209 564
408 710
269 350
112 456
380 534
123 301
21 246
63 153
251 338
4 66
363 707
390 738
647 807
406 601
91 272
461 775
98 796
771 919
58 214
181 232
166 971
208 611
248 498
214 249
28 103
487 922
530 994
256 586
611 803
718 896
91 331
135 196
384 437
156 619
241 299
767 951
172 897
82 227
33 795
293 394
179 183
290 878
104 632
169 172
1 786
64 119
71 428
499 565
58 182
13 34
17 70
572 734
281 348
43 134
28 472
362 423
72 760
227 250
306 378
518 824
165 755
112 708
19 20
16 252
161 180
171 194
675 865
257 314
325 364
145 952
337 375
251 894
735 809
826 834
539 804
251 645
83 572
13 28
165 650
152 501
193 465
76 238
163 435
225 283
577 670
107 193
375 808
80 98
340 960
240 247
411 529
312 604
323 902
175 357
424 703
94 441
42 175
237 573
397 906
102 118
271 372
53 717
7 295
628 800
9 60
603 651
671 744
31 51
337 476
384 386
283 330
129 337
146 765
291 311
59 178
179 668
567 596
309 945
220 265
539 833
78 92
18 209
87 412
48 335
1 101
32 62
22 327
552 811
4 16
513 602
90 390
291 643
442 486
91 105
136 138
8 10
375 750
120 585
19 882
237 733
31 72
796 853
600 608
43 714
355 429
534 829
54 210
220 251
59 349
75 847
10 18
365 418
665 720
712 923
86 116
155 381
54 518
8 12
52 100
366 516
28 82
202 255
135 791
590 767
580 870
66 123
397 962
9 73
130 635
335 889
64 825
14 21
321 554
716 740
38 50
240 495
103 120
29 90
294 453
312 379
335 802
23 144
336 615
31 321
10 37
234 425
218 292
745 900
125 845
158 162
427 488
311 336
303 308
460 980
781 840
554 983
404 982
336 397
297 356
359 937
117 281
481 797
113 603
500 981
195 466
141 181
374 682
581 782
373 569
155 921
236 325
32 202
111 366
12 13
595 990
382 520
20 229
66 286
108 669
678 972
52 879
45 278
168 263
178 226
32 989
311 677
60 201
722 909
852 986
176 779
53 567
9 38
21 630
166 382
432 938
4 524
37 184
509 995
58 452
404 536
481 688
724 766
131 781
7 493
442 860
383 483
14 17
421 557
143 527
411 451
215 930
19 24
156 361
602 715
257 687
382 445
588 912
183 207
100 627
284 644
155 168
196 832
52 620
695 813
652 658
37 91
283 749
658 729
97 776
491 638
229 436
117 233
240 816
65 199
343 769
170 588
17 454
361 562
414 666
23 665
123 637
170 300
76 384
55 108
71 854
892 965
201 508
291 499
604 991
409 842
466 862
149 505
417 748
530 721
321 359
372 449
18 48
531 559
50 956
806 823
25 411
180 577
19 74
263 754
151 447
78 376
9 49
61 75
184 355
194 236
92 387
524 722
120 657
339 837
50 360
1 4
183 204
402 712
263 556
576 778
628 827
622 684
355 419
223 239
200 218
615 633
66 156
483 696
33 157
52 624
887 929
285 408
100 243
58 164
627 736
386 581
43 44
178 460
172 296
165 468
144 151
87 399
67 220
279 690
80 85
63 102
396 681
33 553
373 726
349 506
148 616
146 169
366 915
23 550
425 514
165 863
325 560
21 136
203 362
202 342
136 244
137 976
791 849
129 269
113 213
67 99
54 413
116 212
582 764
98 792
33 268
37 112
350 480
369 892
208 373
135 324
96 241
59 551
14 161
17 230
111 946
59 407
194 968
816 859
408 568
60 257
121 126
56 383
261 789
235 910
281 891
282 801
270 610
768 876
210 326
5 154
381 659
208 532
10 434
19 121
143 846
272 742
95 731
439 473
84 868
864 985
697 759
50 417
238 977
280 457
235 323
453 640
237 799
246 254
649 753
40 293
108 617
68 79
25 203
62 274
216 450
106 259
524 810
162 875
92 339
94 304
295 363
140 574
190 266
615 959
200 496
309 621
379 484
92 192
779 955
191 920
9 163
360 964
417 685
161 262
17 886
7 774
291 763
189 215
832 1000
368 836
3 463
313 519
285 706
198 884
128 146
356 895
5 54
135 179
109 185
12 578
29 93
298 941
73 76
402 747
351 523
74 398
716 901
13 53
712 817
83 271
346 973
138 170
82 176
34 47
809 916
2 405
849 904
386 409
94 442
335 475
256 458
57 160
372 648
64 242
147 385
276 702
245 844
202 975
876 967
233 541
51 68
355 683
363 538
845 864
431 974
787 848
182 439
335 713
5 15
603 725
21 84
204 927
328 365
375 653
19 511
477 758
48 97
438 978
266 587
454 502
342 954
10 52
505 673
21 25
877 880
20 276
477 893
112 148
137 462
17 282
546 947
201 851
72 94
124 877
385 693
443 444
325 392
53 221
18 240
905 924
24 111
10 89
168 332
221 489
423 830
7 261
32 45
349 700
12 42
255 284
23 217
298 455
12 110
138 996
873 988
31 187
324 914
168 477
56 680
105 522
553 826
111 312
73 785
60 167
7 14
603 940
83 474
193 903
145 340
723 856
372 464
428 689
407 545
150 258
126 500
169 320
2 3
83 223
110 235
467 547
580 784
463 674
322 686
245 426
75 145
407 584
128 143
736 739
5 8
129 370
48 371
177 186
222 614
204 264
299 402
207 544
82 122
73 539
255 728
443 850
49 993
84 599
309 998
28 275
149 410
254 352
537 705
78 86
254 270
4 467
90 130
13 911
249 309
78 87
354 358
814 839
72 198
318 353
232 958
4 9
10 59
294 605
490 699
134 211
200 521
483 719
79 948
26 403
585 872
396 838
4 535
687 805
841 913
1 591
712 814
19 29
38 612
432 515
524 533
97 289
101 165
24 563
582 626
239 374
97 542
336 530
116 147
141 487
2 7
262 344
252 517
30 224
202 287
40 443
5 132
531 579
175 509
420 571
84 319
29 31
5 64
459 606
39 762
218 279
429 646
30 890
497 555
3 26
96 334
250 446
3 11
352 469
65 494
661 788
862 961
202 888
631 664
401 752
450 662
5 6
50 438
653 691
232 898
94 307
56 128
401 589
247 479
194 216
336 628
330 649
220 510
346 513
173 944
738 843
88 189
26 40
40 698
311 772
150 482
522 806
49 61
712 757
121 125
63 141
282 347
767 798
135 219
115 504
312 613
18 67
199 741
18 22
727 936
608 716
206 328
5 56
736 737
359 400
296 704
431 597
12 115
63 273
59 166
596 609
112 963
39 137
142 656
90 191
253 667
232 820
275 420
92 290
479 771
56 294
21 205
37 39
142 414
8 80
358 416
386 582
110 918
210 368
479 580
13 36
211 984
22 575
17 131
500 852
411 642
286 855
423 953
37 55
139 174
448 885
40 195
816 939
17 422
29 41
22 23
306 393
157 200
193 298
164 866
237 790
57 140
559 654
591 935
206 306
36 315
151 225
23 237
459 622
246 415
356 369
37 558
43 65
14 133
75 600
465 663
486 697
160 317
136 692
231 561
134 288
381 404
412 821
433 590
356 546
141 907
121 297
532 631
31 106
562 594
360 745
163 485
53 490
164 841
20 81
1 63
206 607
470 660
618 743
557 711
367 957
439 623
788 818
17 109
318 367
2 27
588 857
5 150
452 503
259 388
42 117
104 124
152 333
685 787
415 679
437 655
646 819
339 470
64 245
12 33
460 932
332 526
1 5
85 395
676 887
32 78
867 874
504 949
343 566
11 231
21 448
809 883
97 999
534 730
620 966
379 491
551 676
374 783
12 32
225 675
540 931
336 481
489 507
31 113
157 206
100 256
84 159
262 858
213 528
25 391
624 727
112 188
76 310
91 197
228 543
240 345
164 177
13 318
1 114
81 440
102 768
289 592
70 661
604 723
208 780
197 992
525 828
37 69
12 173
161 285
78 531
120 461
377 694
122 329
552 773
226 934
1 248
42 260
450 629
448 812
259 303
431 459
359 430
191 735
169 277
1 2
79 88
470 652
653 979
274 576
84 970
881 899
136 343
609 928
122 267
706 933
75 234
34 104
52 406
109 127
194 253
186 222
426 925
145 152
228 433
282 341
371 672
203 917
454 540
131 171
538 871
7 512
98 155
290 794
347 647
54 57
254 761
317 950
141 497
226 401
601 618
48 873
388 641
273 548
111 421
50 107
582 709
638 718
33 746
32 77
799 881
142 751
80 639
148 549
242 291
743 756
20 158
391 987
727 869
26 537
88 432
513 552
447 634
70 96
18 43
125 822
